0.000000000000000000e+00,0.000000000000000000e+00
5.005005005005005233e-05,0.000000000000000000e+00
1.001001001001001047e-04,0.000000000000000000e+00
1.501501501501501705e-04,0.000000000000000000e+00
2.002002002002002093e-04,9.378183642453220403e-05
2.502502502502502481e-04,3.159404456771284630e-04
3.003003003003003411e-04,5.449683471854734626e-04
3.503503503503503798e-04,7.747976739132376349e-04
4.004004004004004186e-04,1.004878685920106368e-03
4.504504504504504574e-04,1.235070732055276212e-03
5.005005005005004962e-04,1.465321485132357578e-03
5.505505505505505891e-04,1.696793541740557404e-03
6.006006006006006821e-04,1.938945796132324857e-03
6.506506506506506667e-04,2.198223156081340144e-03
7.007007007007007597e-04,2.471937120902381862e-03
7.507507507507507442e-04,2.755789371056644420e-03
8.008008008008008372e-04,3.046947788809838999e-03
8.508508508508509302e-04,3.343353236046935767e-03
9.009009009009009148e-04,3.643413051817988128e-03
9.509509509509510078e-04,3.949336928953992194e-03
1.001001001001000992e-03,4.262868724857380234e-03
1.051051051051051085e-03,4.585863061800687750e-03
1.101101101101101178e-03,4.917990654419500916e-03
1.151151151151151271e-03,5.257520892158786853e-03
1.201201201201201364e-03,5.602607923991399785e-03
1.251251251251251240e-03,5.951677438568104411e-03
1.301301301301301333e-03,6.305511450812431411e-03
1.351351351351351426e-03,6.664639505285462756e-03
1.401401401401401519e-03,7.029350259346372684e-03
1.451451451451451612e-03,7.400829237957856806e-03
1.501501501501501488e-03,7.779286669937135988e-03
1.551551551551551581e-03,8.162717279094872103e-03
1.601601601601601674e-03,8.550169901117050594e-03
1.651651651651651767e-03,8.941885997506353670e-03
1.701701701701701860e-03,9.337993396013027220e-03
1.751751751751751737e-03,9.738534669973332100e-03
1.801801801801801830e-03,1.014348876311921624e-02
1.851851851851851923e-03,1.055371627400581054e-02
1.901901901901902016e-03,1.096828622990672283e-02
1.951951951951952108e-03,1.138680541950807396e-02
2.002002002002001985e-03,1.180927688263156729e-02
2.052052052052052294e-03,1.223566613554797310e-02
2.102102102102102171e-03,1.266591007040223163e-02
2.152152152152152047e-03,1.309992401187596613e-02
2.202202202202202357e-03,1.353714407634547777e-02
2.252252252252252233e-03,1.397731323372156630e-02
2.302302302302302543e-03,1.442131650166817748e-02
2.352352352352352419e-03,1.486901068455099076e-02
2.402402402402402729e-03,1.532033542870300802e-02
2.452452452452452605e-03,1.577515317249794310e-02
2.502502502502502481e-03,1.623336767215625628e-02
2.552552552552552791e-03,1.669387426331239710e-02
2.602602602602602667e-03,1.715598020779490057e-02
2.652652652652652977e-03,1.762085236672266200e-02
2.702702702702702853e-03,1.808924177101580572e-02
2.752752752752752729e-03,1.856102146726978930e-02
2.802802802802803039e-03,1.903606528509212831e-02
2.852852852852852915e-03,1.951411283495911239e-02
2.902902902902903225e-03,1.999382342722835423e-02
2.952952952952953101e-03,2.047494748851528060e-02
3.003003003003002977e-03,2.095757135643773472e-02
3.053053053053053287e-03,2.144276432196688328e-02
3.103103103103103163e-03,2.193114489778081808e-02
3.153153153153153473e-03,2.242260408077790049e-02
3.203203203203203349e-03,2.291660874293623487e-02
3.253253253253253225e-03,2.341185754717333908e-02
3.303303303303303535e-03,2.390845365334330966e-02
3.353353353353353411e-03,2.440635330030497055e-02
3.403403403403403721e-03,2.490560049397891329e-02
3.453453453453453597e-03,2.540719498558600270e-02
3.503503503503503473e-03,2.591167602039554096e-02
3.553553553553553783e-03,2.641809389942068736e-02
3.603603603603603659e-03,2.692567607154413081e-02
3.653653653653653969e-03,2.743441889290402363e-02
3.703703703703703845e-03,2.794439160288058124e-02
3.753753753753753721e-03,2.845552528133961021e-02
3.803803803803804031e-03,2.896788473661146557e-02
3.853853853853853907e-03,2.948222283759199119e-02
3.903903903903904217e-03,2.999796196504629642e-02
3.953953953953954527e-03,3.051482290473013503e-02
4.004004004004003969e-03,3.103276558245860600e-02
4.054054054054054279e-03,3.155179836857896492e-02
4.104104104104104589e-03,3.207192036963712328e-02
4.154154154154154031e-03,3.259311053048603857e-02
4.204204204204204341e-03,3.311493709568799626e-02
4.254254254254254651e-03,3.363714817946586444e-02
4.304304304304304093e-03,3.416042644869631689e-02
4.354354354354354403e-03,3.468475591323701840e-02
4.404404404404404713e-03,3.521011220117532120e-02
4.454454454454455023e-03,3.573640163506651424e-02
4.504504504504504465e-03,3.626363322983019305e-02
4.554554554554554775e-03,3.679091560897242152e-02
4.604604604604605085e-03,3.731770361532515262e-02
4.654654654654654528e-03,3.784475824607227978e-02
4.704704704704704837e-03,3.837278868301485790e-02
4.754754754754755147e-03,3.890178743535276790e-02
4.804804804804805457e-03,3.943158064182561429e-02
4.854854854854854899e-03,3.996220415419569211e-02
4.904904904904905209e-03,4.049244138605821025e-02
4.954954954954955519e-03,4.102191243929883407e-02
5.005005005005004962e-03,4.155083106581614755e-02
5.055055055055055271e-03,4.208007274314735230e-02
5.105105105105105581e-03,4.261012876592949056e-02
5.155155155155155024e-03,4.314094177963769677e-02
5.205205205205205334e-03,4.367227880330008111e-02
5.255255255255255643e-03,4.420276825006701216e-02
5.305305305305305953e-03,4.473259688639642101e-02
5.355355355355355396e-03,4.526188211821882690e-02
5.405405405405405705e-03,4.579025116295690895e-02
5.455455455455456015e-03,4.631900267216591816e-02
5.505505505505505458e-03,4.684836298041503144e-02
5.555555555555555768e-03,4.737775265640672973e-02
5.605605605605606077e-03,4.790610059540686971e-02
5.655655655655655520e-03,4.843391957110302487e-02
5.705705705705705830e-03,4.896090604099730126e-02
5.755755755755756140e-03,4.948708159080916769e-02
5.805805805805806449e-03,5.001262452815167375e-02
5.855855855855855892e-03,5.053804634877359647e-02
5.905905905905906202e-03,5.106285912504463648e-02
5.955955955955956511e-03,5.158689842615343801e-02
6.006006006006005954e-03,5.211018155064874730e-02
6.056056056056056264e-03,5.263249341782832991e-02
6.106106106106106574e-03,5.315412039014839191e-02
6.156156156156156016e-03,5.367480411088230291e-02
6.206206206206206326e-03,5.419427141446115509e-02
6.256256256256256636e-03,5.471231555373436140e-02
6.306306306306306945e-03,5.522952849193007996e-02
6.356356356356356388e-03,5.574596978815229281e-02
6.406406406406406698e-03,5.626126853465154842e-02
6.456456456456457008e-03,5.677572224572974974e-02
6.506506506506506450e-03,5.728946512934637164e-02
6.556556556556556760e-03,5.780131912655723375e-02
6.606606606606607070e-03,5.831069044797547452e-02
6.656656656656657380e-03,5.881861519881999290e-02
6.706706706706706822e-03,5.932568612925348539e-02
6.756756756756757132e-03,5.983172001164548809e-02
6.806806806806807442e-03,6.033680234101895801e-02
6.856856856856856884e-03,6.084085855546817606e-02
6.906906906906907194e-03,6.134256655686912141e-02
6.956956956956957504e-03,6.184181647125022024e-02
7.007007007007006946e-03,6.233868983270803715e-02
7.057057057057057256e-03,6.283395443069476893e-02
7.107107107107107566e-03,6.332819145646217951e-02
7.157157157157157876e-03,6.382143445032074924e-02
7.207207207207207318e-03,6.431322314452092570e-02
7.257257257257257628e-03,6.480258225154549023e-02
7.307307307307307938e-03,6.528922043950084741e-02
7.357357357357357380e-03,6.577341213669746223e-02
7.407407407407407690e-03,6.625506702895586630e-02
7.457457457457458000e-03,6.673511550516843249e-02
7.507507507507507442e-03,6.721403479857759877e-02
7.557557557557557752e-03,6.769090995860838067e-02
7.607607607607608062e-03,6.816518656476551474e-02
7.657657657657658372e-03,6.863681796213599862e-02
7.707707707707707814e-03,6.910588937988337843e-02
7.757757757757758124e-03,6.957238671360319038e-02
7.807807807807808434e-03,7.003629449234333171e-02
7.857857857857858744e-03,7.049845481310101913e-02
7.907907907907909054e-03,7.095783314280151854e-02
7.957957957957957629e-03,7.141449730822665987e-02
8.008008008008007939e-03,7.186848550371839617e-02
8.058058058058058248e-03,7.231978125905531851e-02
8.108108108108108558e-03,7.276836694779172110e-02
8.158158158158158868e-03,7.321422384791377580e-02
8.208208208208209178e-03,7.365690576615049889e-02
8.258258258258259488e-03,7.409635028383766697e-02
8.308308308308308063e-03,7.453301604765211197e-02
8.358358358358358373e-03,7.496688416493310636e-02
8.408408408408408682e-03,7.539783754587756071e-02
8.458458458458458992e-03,7.582591859411491608e-02
8.508508508508509302e-03,7.625113950167818067e-02
8.558558558558559612e-03,7.667254050742736138e-02
8.608608608608608187e-03,7.708969469104295924e-02
8.658658658658658497e-03,7.750349544937040758e-02
8.708708708708708807e-03,7.791438124894496664e-02
8.758758758758759116e-03,7.832232912700166916e-02
8.808808808808809426e-03,7.872722635719014983e-02
8.858858858858859736e-03,7.912902017770490071e-02
8.908908908908910046e-03,7.952631203033423690e-02
8.958958958958958621e-03,7.991923960911473390e-02
9.009009009009008931e-03,8.030773347962560926e-02
9.059059059059059241e-03,8.069262581321062777e-02
9.109109109109109551e-03,8.107444188313996103e-02
9.159159159159159860e-03,8.145317468401691574e-02
9.209209209209210170e-03,8.182816819017978138e-02
9.259259259259260480e-03,8.219846772661904000e-02
9.309309309309309055e-03,8.256391941862142869e-02
9.359359359359359365e-03,8.292483370002071141e-02
9.409409409409409675e-03,8.328121296503476767e-02
9.459459459459459985e-03,8.363399432487986229e-02
9.509509509509510294e-03,8.398353538311670308e-02
9.559559559559560604e-03,8.432845683569351047e-02
9.609609609609610914e-03,8.466858975115310049e-02
9.659659659659659489e-03,8.500394010323364391e-02
9.709709709709709799e-03,8.533409373422687350e-02
9.759759759759760109e-03,8.565954248271136218e-02
9.809809809809810419e-03,8.598029884692681701e-02
9.859859859859860728e-03,8.629686258827956591e-02
9.909909909909911038e-03,8.660817746268011097e-02
9.959959959959959613e-03,8.691440982428484674e-02
1.001001001001000992e-02,8.721593364544383276e-02
1.006006006006006023e-02,8.751261232564504222e-02
1.011011011011011054e-02,8.780374796541327853e-02
1.016016016016016085e-02,8.808957904208775114e-02
1.021021021021021116e-02,8.837000754428275817e-02
1.026026026026026147e-02,8.864649457678872024e-02
1.031031031031031005e-02,8.891888744918673149e-02
1.036036036036036036e-02,8.918766525999632933e-02
1.041041041041041067e-02,8.945221447837456430e-02
1.046046046046046098e-02,8.971283911755985330e-02
1.051051051051051129e-02,8.996931355742118774e-02
1.056056056056056160e-02,9.022162144491321922e-02
1.061061061061061191e-02,9.047015216922851821e-02
1.066066066066066048e-02,9.071541137141296562e-02
1.071071071071071079e-02,9.095757536838373902e-02
1.076076076076076110e-02,9.119694572692442491e-02
1.081081081081081141e-02,9.143379803106115034e-02
1.086086086086086172e-02,9.166807480670473296e-02
1.091091091091091203e-02,9.189915413988752890e-02
1.096096096096096061e-02,9.212687599801989979e-02
1.101101101101101092e-02,9.235184155925559024e-02
1.106106106106106123e-02,9.257523181560381453e-02
1.111111111111111154e-02,9.279712648770624406e-02
1.116116116116116184e-02,9.301675711331204577e-02
1.121121121121121215e-02,9.323502565068311765e-02
1.126126126126126246e-02,9.345191767533866933e-02
1.131131131131131104e-02,9.366738338457945845e-02
1.136136136136136135e-02,9.388065885706357860e-02
1.141141141141141166e-02,9.409213255393185371e-02
1.146146146146146197e-02,9.430323750343400091e-02
1.151151151151151228e-02,9.451421488243141877e-02
1.156156156156156259e-02,9.472471466433829423e-02
1.161161161161161290e-02,9.493477996896731996e-02
1.166166166166166147e-02,9.514470128321692033e-02
1.171171171171171178e-02,9.535441671969310806e-02
1.176176176176176209e-02,9.556372555457816331e-02
1.181181181181181240e-02,9.577245188277204446e-02
1.186186186186186271e-02,9.598207747511146304e-02
1.191191191191191302e-02,9.619284848299881896e-02
1.196196196196196333e-02,9.640470668939785104e-02
1.201201201201201191e-02,9.661769837420508544e-02
1.206206206206206222e-02,9.683179137282259263e-02
1.211211211211211253e-02,9.704698030861556857e-02
1.216216216216216284e-02,9.726327414912139258e-02
1.221221221221221315e-02,9.748064614327388300e-02
1.226226226226226346e-02,9.769905173080460636e-02
1.231231231231231203e-02,9.791854521604458073e-02
1.236236236236236234e-02,9.813912953126534278e-02
1.241241241241241265e-02,9.836075951345761570e-02
1.246246246246246296e-02,9.858344967727093733e-02
1.251251251251251327e-02,9.880719549048164185e-02
1.256256256256256358e-02,9.903194941997936485e-02
1.261261261261261389e-02,9.925780400728539954e-02
1.266266266266266247e-02,9.948461782425889466e-02
1.271271271271271278e-02,9.971251988707122149e-02
1.276276276276276309e-02,9.994143011263995069e-02
1.281281281281281340e-02,1.001713109003099511e-01
1.286286286286286371e-02,1.004021914588025394e-01
1.291291291291291402e-02,1.006341316601582492e-01
1.296296296296296433e-02,1.008670153392034752e-01
1.301301301301301290e-02,1.011009102230605722e-01
1.306306306306306321e-02,1.013358810055988019e-01
1.311311311311311352e-02,1.015717597057610583e-01
1.316316316316316383e-02,1.018086413370898335e-01
1.321321321321321414e-02,1.020464985474282271e-01
1.326326326326326445e-02,1.022853558476689434e-01
1.331331331331331476e-02,1.025252001198791313e-01
1.336336336336336333e-02,1.027659990962453695e-01
1.341341341341341364e-02,1.030077484745535593e-01
1.346346346346346395e-02,1.032504737978813536e-01
1.351351351351351426e-02,1.034941859268978803e-01
1.356356356356356457e-02,1.037388338529055543e-01
1.361361361361361488e-02,1.039846445572322614e-01
1.366366366366366346e-02,1.042310133155911339e-01
1.371371371371371377e-02,1.044788027437632133e-01
1.376376376376376408e-02,1.047272632052441976e-01
1.381381381381381439e-02,1.049767645139209754e-01
1.386386386386386470e-02,1.052273005636400471e-01
1.391391391391391501e-02,1.054788205096723330e-01
1.396396396396396532e-02,1.057314465851821456e-01
1.401401401401401389e-02,1.059846376434423754e-01
1.406406406406406420e-02,1.062391533520922610e-01
1.411411411411411451e-02,1.064944157899237465e-01
1.416416416416416482e-02,1.067512485706529762e-01
1.421421421421421513e-02,1.070085085713046447e-01
1.426426426426426544e-02,1.072671097533382106e-01
1.431431431431431575e-02,1.075266542973336986e-01
1.436436436436436433e-02,1.077868269766964066e-01
1.441441441441441464e-02,1.080484984002824528e-01
1.446446446446446495e-02,1.083110287864700871e-01
1.451451451451451526e-02,1.085750869376741340e-01
1.456456456456456557e-02,1.088395328329746087e-01
1.461461461461461588e-02,1.091057740566858392e-01
1.466466466466466619e-02,1.093717846370994284e-01
1.471471471471471476e-02,1.096406379344952442e-01
1.476476476476476507e-02,1.099095811541881962e-01
1.481481481481481538e-02,1.101806268877822403e-01
1.486486486486486569e-02,1.104516311730796008e-01
1.491491491491491600e-02,1.107243934594692447e-01
1.496496496496496631e-02,1.109988135537816473e-01
1.501501501501501488e-02,1.112737223257470182e-01
1.506506506506506519e-02,1.115513833998007798e-01
1.511511511511511550e-02,1.118276863718241504e-01
1.516516516516516581e-02,1.121077368633888044e-01
1.521521521521521612e-02,1.123869279488923373e-01
1.526526526526526643e-02,1.126692996041841338e-01
1.531531531531531674e-02,1.129522721513469274e-01
1.536536536536536532e-02,1.132391148694974065e-01
1.541541541541541563e-02,1.135247386536389763e-01
1.546546546546546594e-02,1.138130951527453055e-01
1.551551551551551625e-02,1.141031402739850348e-01
1.556556556556556656e-02,1.143920431371879681e-01
1.561561561561561687e-02,1.146859218951862130e-01
1.566566566566566718e-02,1.149789573558864797e-01
1.571571571571571749e-02,1.152764498112678337e-01
1.576576576576576780e-02,1.155742202196583523e-01
1.581581581581581811e-02,1.158738579419529152e-01
1.586586586586586495e-02,1.161741946899745720e-01
1.591591591591591526e-02,1.164793119486448175e-01
1.596596596596596557e-02,1.167859748482254351e-01
1.601601601601601588e-02,1.170952339151565547e-01
1.606606606606606619e-02,1.174054955246134763e-01
1.611611611611611650e-02,1.177209074589134069e-01
1.616616616616616681e-02,1.180293460973444869e-01
1.621621621621621712e-02,1.183509372602074561e-01
1.626626626626626743e-02,1.186661463995089816e-01
1.631631631631631774e-02,1.189941172716883905e-01
1.636636636636636805e-02,1.193143710825450982e-01
1.641641641641641836e-02,1.196421548750092878e-01
1.646646646646646867e-02,1.199666633441175412e-01
1.651651651651651898e-02,1.203070499908395208e-01
1.656656656656656582e-02,1.206366151128325376e-01
1.661661661661661613e-02,1.209829519015721833e-01
1.666666666666666644e-02,1.213241409074944099e-01
1.671671671671671675e-02,1.216688964680310153e-01
1.676676676676676706e-02,1.220163803813409942e-01
1.681681681681681736e-02,1.223701670833911709e-01
1.686686686686686767e-02,1.227267766142598610e-01
1.691691691691691798e-02,1.230905428301816845e-01
1.696696696696696829e-02,1.234403024641502616e-01
1.701701701701701860e-02,1.238138034992419395e-01
1.706706706706706891e-02,1.241744574729998080e-01
1.711711711711711922e-02,1.245575207014430336e-01
1.716716716716716953e-02,1.249371802143238314e-01
1.721721721721721637e-02,1.253218148518579489e-01
1.726726726726726668e-02,1.257043658045922940e-01
1.731731731731731699e-02,1.261126992553906201e-01
1.736736736736736730e-02,1.264899208350271087e-01
1.741741741741741761e-02,1.269029685691508702e-01
1.746746746746746792e-02,1.272994439216205143e-01
1.751751751751751823e-02,1.277165477355156897e-01
1.756756756756756854e-02,1.281229495279177233e-01
1.761761761761761885e-02,1.285563876657363214e-01
1.766766766766766916e-02,1.289721769488172409e-01
1.771771771771771947e-02,1.294173009628999393e-01
1.776776776776776978e-02,1.298444233221306143e-01
1.781781781781782009e-02,1.303010660228426931e-01
1.786786786786787040e-02,1.307427469671685605e-01
1.791791791791791724e-02,1.311968529998850386e-01
1.796796796796796755e-02,1.316696968996775574e-01
1.801801801801801786e-02,1.321200169247036538e-01
1.806806806806806817e-02,1.325956915122123436e-01
1.811811811811811848e-02,1.330855363329481456e-01
1.816816816816816879e-02,1.335711326010556865e-01
1.821821821821821910e-02,1.340716291842968533e-01
1.826826826826826941e-02,1.345554290342803050e-01
1.831831831831831972e-02,1.350548000126112758e-01
1.836836836836837003e-02,1.355797824476316638e-01
1.841841841841842034e-02,1.361053986331698107e-01
1.846846846846847065e-02,1.366352170608237382e-01
1.851851851851852096e-02,1.371723874030649215e-01
1.856856856856856780e-02,1.377075484386940385e-01
1.861861861861861811e-02,1.382615821865598726e-01
1.866866866866866842e-02,1.388179487183667793e-01
1.871871871871871873e-02,1.394000524654029072e-01
1.876876876876876904e-02,1.399577965473594032e-01
1.881881881881881935e-02,1.405501861527607144e-01
1.886886886886886966e-02,1.411406510106320844e-01
1.891891891891891997e-02,1.417133924428129743e-01
1.896896896896897028e-02,1.423500148883707350e-01
1.901901901901902059e-02,1.429287041865802965e-01
1.906906906906907090e-02,1.435662732685259735e-01
1.911911911911912121e-02,1.441837428095312235e-01
1.916916916916917152e-02,1.448418975187023283e-01
1.921921921921922183e-02,1.454964667235081333e-01
1.926926926926926867e-02,1.461160101316384963e-01
1.931931931931931898e-02,1.468106366943869034e-01
1.936936936936936929e-02,1.474727167679977802e-01
1.941941941941941960e-02,1.481553809675580091e-01
1.946946946946946991e-02,1.488447437979784349e-01
1.951951951951952022e-02,1.495322755822726113e-01
1.956956956956957053e-02,1.502419225102554212e-01
1.961961961961962084e-02,1.509235217757203817e-01
1.966966966966967115e-02,1.516553544886902749e-01
1.971971971971972146e-02,1.523878613238867641e-01
1.976976976976977177e-02,1.531441681834378177e-01
1.981981981981982208e-02,1.538729276199999607e-01
1.986986986986987239e-02,1.546073470525191895e-01
1.991991991991991923e-02,1.553539559631295364e-01
1.996996996996996954e-02,1.562093184465481732e-01
2.002002002002001985e-02,1.569125319894200676e-01
2.007007007007007016e-02,1.576905931706173714e-01
2.012012012012012047e-02,1.585186542221369843e-01
2.017017017017017078e-02,1.593004820182090386e-01
2.022022022022022109e-02,1.601123466921583749e-01
2.027027027027027140e-02,1.609162087738013613e-01
2.032032032032032171e-02,1.617859372206283952e-01
2.037037037037037202e-02,1.625677451105274895e-01
2.042042042042042232e-02,1.633911411053210194e-01
2.047047047047047263e-02,1.642299692655466437e-01
2.052052052052052294e-02,1.651196114353384869e-01
2.057057057057056978e-02,1.659289079520422372e-01
2.062062062062062009e-02,1.667995938688451862e-01
2.067067067067067040e-02,1.676971116831338093e-01
2.072072072072072071e-02,1.685368937940385503e-01
2.077077077077077102e-02,1.693472540069337340e-01
2.082082082082082133e-02,1.702830993180967090e-01
2.087087087087087164e-02,1.712434837908501650e-01
2.092092092092092195e-02,1.720532213078859174e-01
2.097097097097097226e-02,1.729456890073371167e-01
2.102102102102102257e-02,1.738566816114487934e-01
2.107107107107107288e-02,1.748445147402968303e-01
2.112112112112112319e-02,1.756692543960513553e-01
2.117117117117117350e-02,1.765712462653327153e-01
2.122122122122122381e-02,1.775323179482684588e-01
2.127127127127127065e-02,1.784550673862329573e-01
2.132132132132132096e-02,1.793355973033737838e-01
2.137137137137137127e-02,1.802887438007134691e-01
2.142142142142142158e-02,1.812723964444021840e-01
2.147147147147147189e-02,1.821276538971977610e-01
2.152152152152152220e-02,1.830896988203744025e-01
2.157157157157157251e-02,1.840710919819643354e-01
2.162162162162162282e-02,1.849994240454794769e-01
2.167167167167167313e-02,1.858976983065064592e-01
2.172172172172172344e-02,1.868389958825643071e-01
2.177177177177177375e-02,1.878626449995569325e-01
2.182182182182182406e-02,1.887322357839769371e-01
2.187187187187187437e-02,1.896695484097410955e-01
2.192192192192192121e-02,1.906868739727312634e-01
2.197197197197197152e-02,1.916285298128385384e-01
2.202202202202202183e-02,1.925344552646482688e-01
2.207207207207207214e-02,1.935096049391422379e-01
2.212212212212212245e-02,1.945201828029059499e-01
2.217217217217217276e-02,1.953770088770723778e-01
2.222222222222222307e-02,1.963024133487163980e-01
2.227227227227227338e-02,1.973214462500297861e-01
2.232232232232232369e-02,1.982278444156019559e-01
2.237237237237237400e-02,1.991585580186747140e-01
2.242242242242242431e-02,2.000932177772269394e-01
2.247247247247247462e-02,2.010809059945752320e-01
2.252252252252252493e-02,2.019730313577547953e-01
2.257257257257257524e-02,2.029028013898305227e-01
2.262262262262262208e-02,2.038784454147609948e-01
2.267267267267267239e-02,2.047483627517943661e-01
2.272272272272272270e-02,2.056716128154106316e-01
2.277277277277277301e-02,2.066473625884943377e-01
2.282282282282282332e-02,2.075182876587300385e-01
2.287287287287287363e-02,2.084125676701274466e-01
2.292292292292292394e-02,2.093333950460146420e-01
2.297297297297297425e-02,2.102545084425913868e-01
2.302302302302302456e-02,2.111047113152492716e-01
2.307307307307307487e-02,2.120022413218757007e-01
2.312312312312312518e-02,2.129366545501489294e-01
2.317317317317317549e-02,2.137738244678033528e-01
2.322322322322322580e-02,2.146479435634707778e-01
2.327327327327327264e-02,2.155429706681875612e-01
2.332332332332332295e-02,2.163767662424553873e-01
2.337337337337337326e-02,2.172200066599261070e-01
2.342342342342342357e-02,2.181024749686025221e-01
2.347347347347347388e-02,2.189286807665955237e-01
2.352352352352352419e-02,2.197540522985481637e-01
2.357357357357357450e-02,2.205884822900062714e-01
2.362362362362362481e-02,2.214119305167565055e-01
2.367367367367367512e-02,2.222013243446239739e-01
2.372372372372372543e-02,2.230085905652987310e-01
2.377377377377377574e-02,2.238376720445395540e-01
2.382382382382382605e-02,2.245718401037202494e-01
2.387387387387387636e-02,2.253620793518593124e-01
2.392392392392392667e-02,2.261665690913612359e-01
2.397397397397397351e-02,2.268959627233898546e-01
2.402402402402402382e-02,2.276541165629599461e-01
2.407407407407407413e-02,2.284049149285901359e-01
2.412412412412412444e-02,2.291308109050514963e-01
2.417417417417417475e-02,2.298520152642909709e-01
2.422422422422422505e-02,2.305639923160277827e-01
2.427427427427427536e-02,2.312731960745770532e-01
2.432432432432432567e-02,2.319662816165711239e-01
2.437437437437437598e-02,2.326480865954820010e-01
2.442442442442442629e-02,2.333403080689694375e-01
2.447447447447447660e-02,2.340016546758904303e-01
2.452452452452452691e-02,2.346384821655513320e-01
2.457457457457457722e-02,2.352813172644823425e-01
2.462462462462462406e-02,2.359164914807592162e-01
2.467467467467467437e-02,2.365156838420488516e-01
2.472472472472472468e-02,2.371612073799690412e-01
2.477477477477477499e-02,2.377414545930557621e-01
2.482482482482482530e-02,2.382955914901786765e-01
2.487487487487487561e-02,2.389138071787306750e-01
2.492492492492492592e-02,2.394613664738362291e-01
2.497497497497497623e-02,2.399862180875555751e-01
2.502502502502502654e-02,2.405579914616347570e-01
2.507507507507507685e-02,2.410776247551284224e-01
2.512512512512512716e-02,2.415624846958593641e-01
2.517517517517517747e-02,2.421006295664583086e-01
2.522522522522522778e-02,2.425828941736454802e-01
2.527527527527527809e-02,2.430206391905288810e-01
2.532532532532532493e-02,2.435439056151120774e-01
2.537537537537537524e-02,2.439769227762546011e-01
2.542542542542542555e-02,2.443853024439856803e-01
2.547547547547547586e-02,2.448426990720264651e-01
2.552552552552552617e-02,2.452418829641413167e-01
2.557557557557557648e-02,2.455893766845115567e-01
2.562562562562562679e-02,2.460587010626756332e-01
2.567567567567567710e-02,2.463846215942492035e-01
2.572572572572572741e-02,2.467049453647633950e-01
2.577577577577577772e-02,2.471355353898888330e-01
2.582582582582582803e-02,2.474340811237473181e-01
2.587587587587587834e-02,2.477076348829520824e-01
2.592592592592592865e-02,2.480826834139936432e-01
2.597597597597597549e-02,2.483278811691880528e-01
2.602602602602602580e-02,2.485903466405318396e-01
2.607607607607607611e-02,2.489115493003428714e-01
2.612612612612612642e-02,2.490947064915319253e-01
2.617617617617617673e-02,2.493873813358327696e-01
2.622622622622622704e-02,2.496019170626839201e-01
2.627627627627627735e-02,2.497666204203760343e-01
2.632632632632632766e-02,2.499633948628087465e-01
2.637637637637637797e-02,2.501686034467515696e-01
2.642642642642642828e-02,2.502688730918216087e-01
2.647647647647647859e-02,2.504554742217061092e-01
2.652652652652652890e-02,2.505903158074178072e-01
2.657657657657657921e-02,2.506293565810207569e-01
2.662662662662662952e-02,2.508139257481059592e-01
2.667667667667667636e-02,2.508730286582376290e-01
2.672672672672672667e-02,2.508522561040164023e-01
2.677677677677677698e-02,2.510342782082726210e-01
2.682682682682682729e-02,2.510559891834717172e-01
2.687687687687687760e-02,2.510306575109965133e-01
2.692692692692692791e-02,2.511378729431870682e-01
2.697697697697697822e-02,2.510449917104662920e-01
2.702702702702702853e-02,2.510338035679644531e-01
2.707707707707707884e-02,2.510359652231436423e-01
2.712712712712712915e-02,2.508507412116647850e-01
2.717717717717717946e-02,2.509058145614469493e-01
2.722722722722722977e-02,2.508266721262859544e-01
2.727727727727728008e-02,2.505699186624394392e-01
2.732732732732732692e-02,2.506480093641474394e-01
2.737737737737737723e-02,2.504579935654477896e-01
2.742742742742742754e-02,2.502309600707489645e-01
2.747747747747747785e-02,2.502187271515671219e-01
2.752752752752752816e-02,2.499118950959169083e-01
2.757757757757757847e-02,2.497757411679590034e-01
2.762762762762762878e-02,2.495882231969134279e-01
2.767767767767767909e-02,2.492789330653521762e-01
2.772772772772772940e-02,2.491401195356147680e-01
2.777777777777777971e-02,2.488442073051486958e-01
2.782782782782783002e-02,2.483862444483895260e-01
2.787787787787788032e-02,2.482876272095870251e-01
2.792792792792793063e-02,2.478709674439614485e-01
2.797797797797798094e-02,2.476119731292965309e-01
2.802802802802802778e-02,2.473533977550443352e-01
2.807807807807807809e-02,2.468628405503555667e-01
2.812812812812812840e-02,2.466092810374351518e-01
2.817817817817817871e-02,2.461897653709690104e-01
2.822822822822822902e-02,2.455824901559632012e-01
2.827827827827827933e-02,2.453954658790029608e-01
2.832832832832832964e-02,2.448574127607577033e-01
2.837837837837837995e-02,2.444390002508587678e-01
2.842842842842843026e-02,2.440666179417104731e-01
2.847847847847848057e-02,2.433614936042507448e-01
2.852852852852853088e-02,2.430188338376853552e-01
2.857857857857858119e-02,2.425060053835018936e-01
2.862862862862863150e-02,2.418189011583029013e-01
2.867867867867867834e-02,2.415394859984997533e-01
2.872872872872872865e-02,2.407894600001222185e-01
2.877877877877877896e-02,2.403057657097273092e-01
2.882882882882882927e-02,2.397087913051733354e-01
2.887887887887887958e-02,2.389574860224791542e-01
2.892892892892892989e-02,2.385000759876099719e-01
2.897897897897898020e-02,2.377825799411426577e-01
2.902902902902903051e-02,2.370794412475306923e-01
2.907907907907908082e-02,2.365468078149567388e-01
2.912912912912913113e-02,2.356600531812926280e-01
2.917917917917918144e-02,2.350956816818723372e-01
2.922922922922923175e-02,2.343937042553967676e-01
2.927927927927928206e-02,2.335074462039302134e-01
2.932932932932933237e-02,2.329954502728875942e-01
2.937937937937937921e-02,2.321207022912558648e-01
2.942942942942942952e-02,2.314071196525675222e-01
2.947947947947947983e-02,2.305052082604109875e-01
2.952952952952953014e-02,2.296296708269836839e-01
2.957957957957958045e-02,2.289800678087981767e-01
2.962962962962963076e-02,2.281746391560364740e-01
2.967967967967968107e-02,2.270974501931334877e-01
2.972972972972973138e-02,2.263619828254597455e-01
2.977977977977978169e-02,2.254623263746439732e-01
2.982982982982983200e-02,2.246000322615910594e-01
2.987987987987988231e-02,2.236972150514348334e-01
2.992992992992993262e-02,2.226945136877880038e-01
2.997997997997998293e-02,2.218651894190468155e-01
3.003003003003002977e-02,2.208596894050098014e-01
3.008008008008008008e-02,2.198612108061245296e-01
3.013013013013013039e-02,2.190115768479704017e-01
3.018018018018018070e-02,2.179667022618721750e-01
3.023023023023023101e-02,2.170478549657283152e-01
3.028028028028028132e-02,2.159907413406281229e-01
3.033033033033033163e-02,2.148926906521306246e-01
3.038038038038038194e-02,2.139843349586679488e-01
3.043043043043043225e-02,2.129111376356306318e-01
3.048048048048048256e-02,2.119915623465478960e-01
3.053053053053053287e-02,2.107828361207961521e-01
3.058058058058058318e-02,2.096400092424323125e-01
3.063063063063063349e-02,2.085750474132052612e-01
3.068068068068068380e-02,2.075165101590917272e-01
3.073073073073073064e-02,2.064871191658879390e-01
3.078078078078078095e-02,2.052700479646453469e-01
3.083083083083083126e-02,2.040882717963234116e-01
3.088088088088088157e-02,2.030993903711053039e-01
3.093093093093093188e-02,2.018874898146290620e-01
3.098098098098098219e-02,2.005502777530049074e-01
3.103103103103103250e-02,1.995663482080981821e-01
3.108108108108108281e-02,1.982673215726440397e-01
3.113113113113113312e-02,1.971756728919696056e-01
3.118118118118118343e-02,1.959331338480436724e-01
3.123123123123123374e-02,1.948584023791048447e-01
3.128128128128128405e-02,1.934985007185282269e-01
3.133133133133133436e-02,1.922952718223636670e-01
3.138138138138138467e-02,1.910291840000499786e-01
3.143143143143143498e-02,1.898869720881896095e-01
3.148148148148148529e-02,1.885760041219299854e-01
3.153153153153153559e-02,1.872316516130390629e-01
3.158158158158158590e-02,1.859848496737259438e-01
3.163163163163163621e-02,1.847762879911050704e-01
3.168168168168168652e-02,1.835422241242821162e-01
3.173173173173172990e-02,1.820584888275622870e-01
3.178178178178178021e-02,1.809220600134520129e-01
3.183183183183183051e-02,1.795574450582615167e-01
3.188188188188188082e-02,1.782475332176166605e-01
3.193193193193193113e-02,1.770188783432604107e-01
3.198198198198198144e-02,1.757278860950068355e-01
3.203203203203203175e-02,1.741702266694054313e-01
3.208208208208208206e-02,1.729780776121044861e-01
3.213213213213213237e-02,1.717406053845198788e-01
3.218218218218218268e-02,1.704099244871114527e-01
3.223223223223223299e-02,1.689341832962341361e-01
3.228228228228228330e-02,1.678276120842756292e-01
3.233233233233233361e-02,1.662306612875725786e-01
3.238238238238238392e-02,1.649984290672255327e-01
3.243243243243243423e-02,1.635920350233408538e-01
3.248248248248248454e-02,1.623105308452900131e-01
3.253253253253253485e-02,1.608151166038665203e-01
3.258258258258258516e-02,1.595790122281090517e-01
3.263263263263263547e-02,1.581948356127494959e-01
3.268268268268268578e-02,1.568810171208387949e-01
3.273273273273273609e-02,1.553240063811289207e-01
3.278278278278278640e-02,1.539351595252914373e-01
3.283283283283283671e-02,1.527064173348516574e-01
3.288288288288288702e-02,1.513075036176969868e-01
3.293293293293293733e-02,1.499378392029137308e-01
3.298298298298298764e-02,1.484719225252966179e-01
3.303303303303303795e-02,1.471130830479664975e-01
3.308308308308308132e-02,1.458819928504393737e-01
3.313313313313313163e-02,1.445056271106069379e-01
3.318318318318318194e-02,1.430812910184044162e-01
3.323323323323323225e-02,1.415848300440651630e-01
3.328328328328328256e-02,1.402406877629112369e-01
3.333333333333333287e-02,1.391127122152092110e-01
3.338338338338338318e-02,1.376988606377324842e-01
3.343343343343343349e-02,1.360308468976327845e-01
3.348348348348348380e-02,1.349253548825359306e-01
3.353353353353353411e-02,1.335526887764974802e-01
3.358358358358358442e-02,1.320662843262905284e-01
3.363363363363363473e-02,1.305703667424139847e-01
3.368368368368368504e-02,1.291947734133422065e-01
3.373373373373373535e-02,1.280555485158800522e-01
3.378378378378378566e-02,1.265476637531986470e-01
3.383383383383383597e-02,1.253048751795792781e-01
3.388388388388388628e-02,1.238098135123108373e-01
3.393393393393393659e-02,1.224438241520300064e-01
3.398398398398398690e-02,1.212876710811606334e-01
3.403403403403403721e-02,1.199409032798662844e-01
3.408408408408408752e-02,1.183492132343194198e-01
3.413413413413413783e-02,1.171913267200964393e-01
3.418418418418418814e-02,1.159586402508333419e-01
3.423423423423423845e-02,1.148070243203419133e-01
3.428428428428428876e-02,1.131422586040800454e-01
3.433433433433433907e-02,1.119124753278017137e-01
3.438438438438438938e-02,1.106380558170075440e-01
3.443443443443443275e-02,1.093421486194712938e-01
3.448448448448448306e-02,1.079882726145555832e-01
3.453453453453453337e-02,1.066378053078306937e-01
3.458458458458458368e-02,1.053762812686646344e-01
3.463463463463463399e-02,1.044174799692641625e-01
3.468468468468468430e-02,1.027904960055493339e-01
3.473473473473473461e-02,1.014237808131103202e-01
3.478478478478478492e-02,1.003157614233545075e-01
3.483483483483483523e-02,9.915913841579523935e-02
3.488488488488488554e-02,9.776164074040447072e-02
3.493493493493493585e-02,9.629968551493373052e-02
3.498498498498498616e-02,9.541908925721355461e-02
3.503503503503503647e-02,9.424160246046860145e-02
3.508508508508508678e-02,9.260996264785888166e-02
3.513513513513513709e-02,9.155372347332603467e-02
3.518518518518518740e-02,9.057471547563802905e-02
3.523523523523523771e-02,8.918517615894537565e-02
3.528528528528528802e-02,8.802625475007599953e-02
3.533533533533533832e-02,8.679046298735451637e-02
3.538538538538538863e-02,8.560909512609486682e-02
3.543543543543543894e-02,8.452661232083286125e-02
3.548548548548548925e-02,8.313448038786087901e-02
3.553553553553553956e-02,8.197424436566681794e-02
3.558558558558558987e-02,8.096838520328389355e-02
3.563563563563564018e-02,7.979010316349491316e-02
3.568568568568569049e-02,7.858511822872080166e-02
3.573573573573574080e-02,7.755385997813976640e-02
3.578578578578578417e-02,7.672422139548090714e-02
3.583583583583583448e-02,7.529504944732495764e-02
3.588588588588588479e-02,7.389775347272178885e-02
3.593593593593593510e-02,7.301941374641923721e-02
3.598598598598598541e-02,7.220298316673841310e-02
3.603603603603603572e-02,7.076848401390754828e-02
3.608608608608608603e-02,7.005789112557885001e-02
3.613613613613613634e-02,6.867627033071467546e-02
3.618618618618618665e-02,6.786641591814550345e-02
3.623623623623623696e-02,6.665568265671700798e-02
3.628628628628628727e-02,6.580654640445984804e-02
3.633633633633633758e-02,6.450560065960017631e-02
3.638638638638638789e-02,6.371960158046757750e-02
3.643643643643643820e-02,6.275393085637454016e-02
3.648648648648648851e-02,6.156456375585123153e-02
3.653653653653653882e-02,6.044355318613726935e-02
3.658658658658658913e-02,5.970851867215772740e-02
3.663663663663663944e-02,5.867191292336619568e-02
3.668668668668668975e-02,5.787037253124491243e-02
3.673673673673674006e-02,5.658135033729258523e-02
3.678678678678679037e-02,5.576629866283586145e-02
3.683683683683684068e-02,5.499447280320633735e-02
3.688688688688689099e-02,5.413541646005800428e-02
3.693693693693694130e-02,5.282975455585969815e-02
3.698698698698699161e-02,5.207984590803774183e-02
3.703703703703704192e-02,5.139090961561480764e-02
3.708708708708709223e-02,5.053771305634616878e-02
3.713713713713713560e-02,4.946436410387439198e-02
3.718718718718718591e-02,4.849418388555030296e-02
3.723723723723723622e-02,4.778884367672373013e-02
3.728728728728728653e-02,4.707891367523829584e-02
3.733733733733733684e-02,4.642738803153202698e-02
3.738738738738738715e-02,4.509063642449825937e-02
3.743743743743743746e-02,4.465138039213669557e-02
3.748748748748748777e-02,4.365695646247740730e-02
3.753753753753753808e-02,4.292460194407088370e-02
3.758758758758758839e-02,4.212841146497928180e-02
3.763763763763763870e-02,4.144975516277888544e-02
3.768768768768768901e-02,4.041397132957647020e-02
3.773773773773773932e-02,3.979875770612389257e-02
3.778778778778778963e-02,3.925593964489949156e-02
3.783783783783783994e-02,3.842426016332543132e-02
3.788788788788789025e-02,3.756033553257712848e-02
3.793793793793794056e-02,3.692657337733817186e-02
3.798798798798799087e-02,3.618348877329642665e-02
3.803803803803804118e-02,3.552121327484865365e-02
3.808808808808809149e-02,3.470325550859006125e-02
3.813813813813814180e-02,3.401386256202459935e-02
3.818818818818819211e-02,3.350790615744581730e-02
3.823823823823824242e-02,3.272134974846569594e-02
3.828828828828829273e-02,3.203748724079141796e-02
3.833833833833834304e-02,3.143209701877978934e-02
3.838838838838839335e-02,3.081419362503829557e-02
3.843843843843844366e-02,3.026269245998279220e-02
3.848848848848848703e-02,2.977587276038804603e-02
3.853853853853853734e-02,2.895694570837794440e-02
3.858858858858858765e-02,2.854935795078701252e-02
3.863863863863863796e-02,2.789858583798443883e-02
3.868868868868868827e-02,2.735655716224357284e-02
3.873873873873873858e-02,2.674797000519870543e-02
3.878878878878878889e-02,2.615558328116693657e-02
3.883883883883883920e-02,2.539584222701316354e-02
3.888888888888888951e-02,2.511188183058160259e-02
3.893893893893893982e-02,2.442442073155483284e-02
3.898898898898899013e-02,2.383577574557129222e-02
3.903903903903904044e-02,2.337446038070759360e-02
3.908908908908909074e-02,2.305504584809318219e-02
3.913913913913914105e-02,2.254510473891717035e-02
3.918918918918919136e-02,2.187040673145990849e-02
3.923923923923924167e-02,2.137958859544157597e-02
3.928928928928929198e-02,2.091446279863746344e-02
3.933933933933934229e-02,2.045597138620673314e-02
3.938938938938939260e-02,2.020262492986516292e-02
3.943943943943944291e-02,1.966439502312803192e-02
3.948948948948949322e-02,1.915301203222727344e-02
3.953953953953954353e-02,1.881895971839122120e-02
3.958958958958959384e-02,1.817553885553744100e-02
3.963963963963964415e-02,1.782361634394871025e-02
3.968968968968969446e-02,1.722738203788384131e-02
3.973973973973974477e-02,1.698752621059182455e-02
3.978978978978978814e-02,1.669083301401385472e-02
3.983983983983983845e-02,1.637215997477131646e-02
3.988988988988988876e-02,1.569536308070282327e-02
3.993993993993993907e-02,1.542659179041083566e-02
3.998998998998998938e-02,1.492589476515084404e-02
4.004004004004003969e-02,1.481093652386134690e-02
4.009009009009009000e-02,1.435912361036222745e-02
4.014014014014014031e-02,1.391227310000086800e-02
4.019019019019019062e-02,1.367993774999918914e-02
4.024024024024024093e-02,1.328975046692371445e-02
4.029029029029029124e-02,1.317375834790545860e-02
4.034034034034034155e-02,1.270365479021351093e-02
4.039039039039039186e-02,1.226387942775956398e-02
4.044044044044044217e-02,1.193002998596501101e-02
4.049049049049049248e-02,1.176248875119361229e-02
4.054054054054054279e-02,1.154268096958385552e-02
4.059059059059059310e-02,1.117786600614150555e-02
4.064064064064064341e-02,1.075208615015725046e-02
4.069069069069069372e-02,1.045049256937108720e-02
4.074074074074074403e-02,1.029196570288369757e-02
4.079079079079079434e-02,1.015138250999566769e-02
4.084084084084084465e-02,9.711769432839136365e-03
4.089089089089089496e-02,9.534295896607702936e-03
4.094094094094094527e-02,9.255016584094740914e-03
4.099099099099099558e-02,9.025115892252960972e-03
4.104104104104104589e-02,8.710173797816305949e-03
4.109109109109109620e-02,8.334157215609308209e-03
4.114114114114113957e-02,8.180932971175223709e-03
4.119119119119118988e-02,7.997363192938446858e-03
4.124124124124124019e-02,7.841488534441085761e-03
4.129129129129129050e-02,7.712311406467773842e-03
4.134134134134134081e-02,7.362484696011482692e-03
4.139139139139139112e-02,7.137334690459744453e-03
4.144144144144144143e-02,6.981849427198235161e-03
4.149149149149149174e-02,6.798900580145968674e-03
4.154154154154154205e-02,6.589859347662521162e-03
4.159159159159159236e-02,6.380807826887017684e-03
4.164164164164164267e-02,6.131468834575969258e-03
4.169169169169169298e-02,6.036705715180766887e-03
4.174174174174174329e-02,5.922390627066100900e-03
4.179179179179179360e-02,5.640229185193761444e-03
4.184184184184184391e-02,5.443753099801379794e-03
4.189189189189189422e-02,5.211093547594180912e-03
4.194194194194194453e-02,5.183150944958132660e-03
4.199199199199199484e-02,5.075658385070148763e-03
4.204204204204204515e-02,4.760067523307269684e-03
4.209209209209209546e-02,4.756630130119333250e-03
4.214214214214214577e-02,4.497496206079125251e-03
4.219219219219219608e-02,4.414842389600296887e-03
4.224224224224224639e-02,4.363932880673062308e-03
4.229229229229229670e-02,4.060701003271392599e-03
4.234234234234234701e-02,4.054156768071801205e-03
4.239239239239239732e-02,3.900546182014562237e-03
4.244244244244244763e-02,3.754853892128762194e-03
4.249249249249249100e-02,3.746727017240012846e-03
4.254254254254254131e-02,3.401677663022960839e-03
4.259259259259259162e-02,3.385441415950312272e-03
4.264264264264264193e-02,3.243420693779493387e-03
4.269269269269269224e-02,3.156276487262505911e-03
4.274274274274274255e-02,3.144454986365255184e-03
4.279279279279279286e-02,2.933189770532257466e-03
4.284284284284284317e-02,2.793692940070661903e-03
4.289289289289289347e-02,2.751935047753111853e-03
4.294294294294294378e-02,2.666819297588172381e-03
4.299299299299299409e-02,2.651079735860552376e-03
4.304304304304304440e-02,2.447578081380833662e-03
4.309309309309309471e-02,2.345326544750992587e-03
4.314314314314314502e-02,2.349015706649660966e-03
4.319319319319319533e-02,2.247182613185246848e-03
4.324324324324324564e-02,2.084682032906812286e-03
4.329329329329329595e-02,1.988943953448469876e-03
4.334334334334334626e-02,1.888204288915943567e-03
4.339339339339339657e-02,1.880288981688900884e-03
4.344344344344344688e-02,1.832531619442022289e-03
4.349349349349349719e-02,1.691098754730077083e-03
4.354354354354354750e-02,1.681590478765289517e-03
4.359359359359359781e-02,1.559945113509037320e-03
4.364364364364364812e-02,1.549199033569167864e-03
4.369369369369369843e-02,1.503379784554428802e-03
4.374374374374374874e-02,1.365402495922598278e-03
4.379379379379379905e-02,1.352448645657327968e-03
4.384384384384384242e-02,1.299029312099024081e-03
4.389389389389389273e-02,1.285189055934350634e-03
4.394394394394394304e-02,1.228601619160217626e-03
4.399399399399399335e-02,1.054125533037510989e-03
4.404404404404404366e-02,1.036158055410560819e-03
4.409409409409409397e-02,9.852121437738381709e-04
4.414414414414414428e-02,9.657317858264495396e-04
4.419419419419419459e-02,9.457888957768726323e-04
4.424424424424424490e-02,8.660348268208157077e-04
4.429429429429429521e-02,8.434085673994909165e-04
4.434434434434434552e-02,7.792384856653581044e-04
4.439439439439439583e-02,7.537106798206606945e-04
4.444444444444444614e-02,7.272145751294240186e-04
4.449449449449449645e-02,6.513224819066841228e-04
4.454454454454454676e-02,6.201133018739623951e-04
4.459459459459459707e-02,6.210540725719612513e-04
4.464464464464464738e-02,5.881226231694953403e-04
4.469469469469469769e-02,5.890139914030655382e-04
4.474474474474474800e-02,4.479538436894834144e-04
4.479479479479479831e-02,4.486293511016527734e-04
4.484484484484484862e-02,4.009795588862361568e-04
4.489489489489489893e-02,4.015835587462836232e-04
4.494494494494494924e-02,4.021875586250495691e-04
4.499499499499499955e-02,3.480816331965278475e-04
4.504504504504504986e-02,3.486034972876718256e-04
4.509509509509510017e-02,2.842545514057671354e-04
4.514514514514515048e-02,2.846810077977629310e-04
4.519519519519519385e-02,2.851074641903743366e-04
4.524524524524524416e-02,2.011400879718694965e-04
4.529529529529529447e-02,2.014407948404663628e-04
4.534534534534534478e-02,2.017415017090632291e-04
4.539539539539539509e-02,2.020422085776598785e-04
4.544544544544544540e-02,2.023429154462566093e-04
4.549549549549549571e-02,0.000000000000000000e+00
4.554554554554554602e-02,0.000000000000000000e+00
4.559559559559559633e-02,0.000000000000000000e+00
4.564564564564564664e-02,0.000000000000000000e+00
4.569569569569569695e-02,0.000000000000000000e+00
4.574574574574574726e-02,0.000000000000000000e+00
4.579579579579579757e-02,0.000000000000000000e+00
4.584584584584584788e-02,0.000000000000000000e+00
4.589589589589589819e-02,0.000000000000000000e+00
4.594594594594594850e-02,0.000000000000000000e+00
4.599599599599599881e-02,0.000000000000000000e+00
4.604604604604604912e-02,0.000000000000000000e+00
4.609609609609609943e-02,0.000000000000000000e+00
4.614614614614614974e-02,0.000000000000000000e+00
4.619619619619620005e-02,0.000000000000000000e+00
4.624624624624625036e-02,0.000000000000000000e+00
4.629629629629630067e-02,0.000000000000000000e+00
4.634634634634635098e-02,0.000000000000000000e+00
4.639639639639640128e-02,0.000000000000000000e+00
4.644644644644645159e-02,0.000000000000000000e+00
4.649649649649650190e-02,0.000000000000000000e+00
4.654654654654654528e-02,0.000000000000000000e+00
4.659659659659659559e-02,0.000000000000000000e+00
4.664664664664664590e-02,0.000000000000000000e+00
4.669669669669669620e-02,0.000000000000000000e+00
4.674674674674674651e-02,0.000000000000000000e+00
4.679679679679679682e-02,0.000000000000000000e+00
4.684684684684684713e-02,0.000000000000000000e+00
4.689689689689689744e-02,0.000000000000000000e+00
4.694694694694694775e-02,0.000000000000000000e+00
4.699699699699699806e-02,0.000000000000000000e+00
4.704704704704704837e-02,0.000000000000000000e+00
4.709709709709709868e-02,0.000000000000000000e+00
4.714714714714714899e-02,0.000000000000000000e+00
4.719719719719719930e-02,0.000000000000000000e+00
4.724724724724724961e-02,0.000000000000000000e+00
4.729729729729729992e-02,0.000000000000000000e+00
4.734734734734735023e-02,0.000000000000000000e+00
4.739739739739740054e-02,0.000000000000000000e+00
4.744744744744745085e-02,0.000000000000000000e+00
4.749749749749750116e-02,0.000000000000000000e+00
4.754754754754755147e-02,0.000000000000000000e+00
4.759759759759760178e-02,0.000000000000000000e+00
4.764764764764765209e-02,0.000000000000000000e+00
4.769769769769770240e-02,0.000000000000000000e+00
4.774774774774775271e-02,0.000000000000000000e+00
4.779779779779780302e-02,0.000000000000000000e+00
4.784784784784785333e-02,0.000000000000000000e+00
4.789789789789789670e-02,0.000000000000000000e+00
4.794794794794794701e-02,0.000000000000000000e+00
4.799799799799799732e-02,0.000000000000000000e+00
4.804804804804804763e-02,0.000000000000000000e+00
4.809809809809809794e-02,0.000000000000000000e+00
4.814814814814814825e-02,0.000000000000000000e+00
4.819819819819819856e-02,0.000000000000000000e+00
4.824824824824824887e-02,0.000000000000000000e+00
4.829829829829829918e-02,0.000000000000000000e+00
4.834834834834834949e-02,0.000000000000000000e+00
4.839839839839839980e-02,0.000000000000000000e+00
4.844844844844845011e-02,0.000000000000000000e+00
4.849849849849850042e-02,0.000000000000000000e+00
4.854854854854855073e-02,0.000000000000000000e+00
4.859859859859860104e-02,0.000000000000000000e+00
4.864864864864865135e-02,0.000000000000000000e+00
4.869869869869870166e-02,0.000000000000000000e+00
4.874874874874875197e-02,0.000000000000000000e+00
4.879879879879880228e-02,0.000000000000000000e+00
4.884884884884885259e-02,0.000000000000000000e+00
4.889889889889890290e-02,0.000000000000000000e+00
4.894894894894895321e-02,0.000000000000000000e+00
4.899899899899900352e-02,0.000000000000000000e+00
4.904904904904905383e-02,0.000000000000000000e+00
4.909909909909910414e-02,0.000000000000000000e+00
4.914914914914915445e-02,0.000000000000000000e+00
4.919919919919920476e-02,0.000000000000000000e+00
4.924924924924924813e-02,0.000000000000000000e+00
4.929929929929929844e-02,0.000000000000000000e+00
4.934934934934934875e-02,0.000000000000000000e+00
4.939939939939939906e-02,0.000000000000000000e+00
4.944944944944944937e-02,0.000000000000000000e+00
4.949949949949949968e-02,0.000000000000000000e+00
4.954954954954954999e-02,0.000000000000000000e+00
4.959959959959960030e-02,0.000000000000000000e+00
4.964964964964965061e-02,0.000000000000000000e+00
4.969969969969970092e-02,0.000000000000000000e+00
4.974974974974975123e-02,0.000000000000000000e+00
4.979979979979980154e-02,0.000000000000000000e+00
4.984984984984985185e-02,0.000000000000000000e+00
4.989989989989990216e-02,0.000000000000000000e+00
4.994994994994995247e-02,0.000000000000000000e+00
5.000000000000000278e-02,0.000000000000000000e+00
