100	1	mx min	-0,18	-0,88	-0,44	0,00	0,00	0,00	11,73	-0,34
		mx max	0,18	-0,62	0,60	0,00	0,00	0,00	7,99	0,34
		my min	-0,00	-1,35	0,14	0,00	0,00	0,00	17,82	-0,00
		my max	-0,00	-0,14	0,02	0,00	0,00	0,00	1,91	-0,00
		mxy-	-0,18	-0,83	-0,45	0,00	0,00	0,00	11,06	-0,34
		mxy+	0,18	-0,67	0,60	0,00	0,00	0,00	8,66	0,34
		nx min	-0,00	-0,14	0,02	0,00	0,00	0,00	1,91	-0,00
		nx max	-0,00	-0,14	0,02	0,00	0,00	0,00	1,91	-0,00
		ny min	-0,00	-0,14	0,02	0,00	0,00	0,00	1,91	-0,00
		ny max	-0,00	-0,14	0,02	0,00	0,00	0,00	1,91	-0,00
		nxy-	-0,00	-0,14	0,02	0,00	0,00	0,00	1,91	-0,00
		nxy+	-0,00	-0,14	0,02	0,00	0,00	0,00	1,91	-0,00
		qx min	-0,00	-0,14	0,02	0,00	0,00	0,00	1,91	-0,00
		qx max	-0,00	-1,35	0,14	0,00	0,00	0,00	17,82	-0,00
		qy min	-0,18	-0,88	-0,44	0,00	0,00	0,00	11,73	-0,34
		qy max	0,18	-0,62	0,60	0,00	0,00	0,00	7,99	0,34
										
100	2	mx min	-0,18	-0,88	0,44	0,00	0,00	0,00	11,73	0,34
		mx max	0,18	-0,62	-0,60	0,00	0,00	0,00	7,99	-0,34
		my min	-0,00	-1,35	-0,14	0,00	0,00	0,00	17,82	-0,00
		my max	-0,00	-0,14	-0,02	0,00	0,00	0,00	1,91	-0,00
		mxy-	0,18	-0,67	-0,60	0,00	0,00	0,00	8,66	-0,34
		mxy+	-0,18	-0,83	0,45	0,00	0,00	0,00	11,06	0,34
		nx min	-0,00	-0,14	-0,02	0,00	0,00	0,00	1,91	-0,00
		nx max	-0,00	-0,14	-0,02	0,00	0,00	0,00	1,91	-0,00
		ny min	-0,00	-0,14	-0,02	0,00	0,00	0,00	1,91	-0,00
		ny max	-0,00	-0,14	-0,02	0,00	0,00	0,00	1,91	-0,00
		nxy-	-0,00	-0,14	-0,02	0,00	0,00	0,00	1,91	-0,00
		nxy+	-0,00	-0,14	-0,02	0,00	0,00	0,00	1,91	-0,00
		qx min	-0,00	-0,14	-0,02	0,00	0,00	0,00	1,91	-0,00
		qx max	-0,00	-1,35	-0,14	0,00	0,00	0,00	17,82	-0,00
		qy min	0,18	-0,67	-0,60	0,00	0,00	0,00	8,66	-0,34
		qy max	-0,18	-0,83	0,45	0,00	0,00	0,00	11,06	0,34
										
100	3	mx min	1,88	0,30	-0,02	0,00	0,00	0,00	1,91	0,00
		mx max	17,53	2,84	-0,14	0,00	0,00	0,00	17,82	0,00
		my min	1,88	0,30	-0,02	0,00	0,00	0,00	1,91	0,00
		my max	17,53	2,84	-0,14	0,00	0,00	0,00	17,82	0,00
		mxy-	17,53	2,84	-0,14	0,00	0,00	0,00	17,82	0,00
		mxy+	1,88	0,30	-0,02	0,00	0,00	0,00	1,91	0,00
		nx min	1,88	0,30	-0,02	0,00	0,00	0,00	1,91	0,00
		nx max	1,88	0,30	-0,02	0,00	0,00	0,00	1,91	0,00
		ny min	1,88	0,30	-0,02	0,00	0,00	0,00	1,91	0,00
		ny max	1,88	0,30	-0,02	0,00	0,00	0,00	1,91	0,00
		nxy-	1,88	0,30	-0,02	0,00	0,00	0,00	1,91	0,00
		nxy+	1,88	0,30	-0,02	0,00	0,00	0,00	1,91	0,00
		qx min	1,88	0,30	-0,02	0,00	0,00	0,00	1,91	0,00
		qx max	17,53	2,84	-0,14	0,00	0,00	0,00	17,82	0,00
		qy min	10,73	1,73	-0,03	0,00	0,00	0,00	11,06	-1,52
		qy max	8,68	1,41	-0,13	0,00	0,00	0,00	8,66	1,52
										
100	4	mx min	1,88	0,30	0,02	0,00	0,00	0,00	1,91	0,00
		mx max	17,53	2,84	0,14	0,00	0,00	0,00	17,82	0,00
		my min	1,88	0,30	0,02	0,00	0,00	0,00	1,91	0,00
		my max	17,53	2,84	0,14	0,00	0,00	0,00	17,82	0,00
		mxy-	1,88	0,30	0,02	0,00	0,00	0,00	1,91	0,00
		mxy+	17,53	2,84	0,14	0,00	0,00	0,00	17,82	0,00
		nx min	1,88	0,30	0,02	0,00	0,00	0,00	1,91	0,00
		nx max	1,88	0,30	0,02	0,00	0,00	0,00	1,91	0,00
		ny min	1,88	0,30	0,02	0,00	0,00	0,00	1,91	0,00
		ny max	1,88	0,30	0,02	0,00	0,00	0,00	1,91	0,00
		nxy-	1,88	0,30	0,02	0,00	0,00	0,00	1,91	0,00
		nxy+	1,88	0,30	0,02	0,00	0,00	0,00	1,91	0,00
		qx min	1,88	0,30	0,02	0,00	0,00	0,00	1,91	0,00
		qx max	17,53	2,84	0,14	0,00	0,00	0,00	17,82	0,00
		qy min	8,02	1,31	0,12	0,00	0,00	0,00	7,99	-1,52
		qy max	11,38	1,84	0,04	0,00	0,00	0,00	11,73	1,52
										
200	1	mx min	1,88	-0,19	-0,13	0,00	0,00	0,00	-1,62	0,00
		mx max	17,53	-1,81	-1,17	0,00	0,00	0,00	-15,18	0,00
		my min	17,53	-1,81	-1,17	0,00	0,00	0,00	-15,18	0,00
		my max	1,88	-0,19	-0,13	0,00	0,00	0,00	-1,62	0,00
		mxy-	11,37	-1,23	-3,44	0,00	0,00	0,00	-9,97	-0,77
		mxy+	8,03	-0,78	2,15	0,00	0,00	0,00	-6,84	0,77
		nx min	1,88	-0,19	-0,13	0,00	0,00	0,00	-1,62	0,00
		nx max	1,88	-0,19	-0,13	0,00	0,00	0,00	-1,62	0,00
		ny min	1,88	-0,19	-0,13	0,00	0,00	0,00	-1,62	0,00
		ny max	1,88	-0,19	-0,13	0,00	0,00	0,00	-1,62	0,00
		nxy-	1,88	-0,19	-0,13	0,00	0,00	0,00	-1,62	0,00
		nxy+	1,88	-0,19	-0,13	0,00	0,00	0,00	-1,62	0,00
		qx min	17,53	-1,81	-1,17	0,00	0,00	0,00	-15,18	0,00
		qx max	1,88	-0,19	-0,13	0,00	0,00	0,00	-1,62	0,00
		qy min	10,72	-1,16	-3,40	0,00	0,00	0,00	-9,40	-0,77
		qy max	8,69	-0,85	2,10	0,00	0,00	0,00	-7,41	0,77
										
200	2	mx min	-0,18	0,25	-3,89	0,00	0,00	0,00	-9,40	-0,00
		mx max	0,18	0,10	2,59	0,00	0,00	0,00	-7,41	0,00
		my min	0,00	0,03	-0,13	0,00	0,00	0,00	-1,62	-0,00
		my max	0,00	0,32	-1,17	0,00	0,00	0,00	-15,18	-0,00
		mxy-	-0,18	0,26	-3,94	0,00	0,00	0,00	-9,97	-0,00
		mxy+	0,18	0,09	2,64	0,00	0,00	0,00	-6,84	0,00
		nx min	0,00	0,03	-0,13	0,00	0,00	0,00	-1,62	-0,00
		nx max	0,00	0,03	-0,13	0,00	0,00	0,00	-1,62	-0,00
		ny min	0,00	0,03	-0,13	0,00	0,00	0,00	-1,62	-0,00
		ny max	0,00	0,03	-0,13	0,00	0,00	0,00	-1,62	-0,00
		nxy-	0,00	0,03	-0,13	0,00	0,00	0,00	-1,62	-0,00
		nxy+	0,00	0,03	-0,13	0,00	0,00	0,00	-1,62	-0,00
		qx min	0,00	0,32	-1,17	0,00	0,00	0,00	-15,18	-0,00
		qx max	0,00	0,03	-0,13	0,00	0,00	0,00	-1,62	-0,00
		qy min	0,00	0,05	-0,17	0,00	0,00	0,00	-2,19	-0,00
		qy max	0,00	0,03	-0,13	0,00	0,00	0,00	-1,62	-0,00
										
200	3	mx min	-0,18	0,25	3,89	0,00	0,00	0,00	-9,40	0,00
		mx max	0,18	0,10	-2,59	0,00	0,00	0,00	-7,41	-0,00
		my min	0,00	0,03	0,13	0,00	0,00	0,00	-1,62	-0,00
		my max	0,00	0,32	1,17	0,00	0,00	0,00	-15,18	-0,00
		mxy-	0,18	0,09	-2,64	0,00	0,00	0,00	-6,84	-0,00
		mxy+	-0,18	0,26	3,94	0,00	0,00	0,00	-9,97	0,00
		nx min	0,00	0,03	0,13	0,00	0,00	0,00	-1,62	-0,00
		nx max	0,00	0,03	0,13	0,00	0,00	0,00	-1,62	-0,00
		ny min	0,00	0,03	0,13	0,00	0,00	0,00	-1,62	-0,00
		ny max	0,00	0,03	0,13	0,00	0,00	0,00	-1,62	-0,00
		nxy-	0,00	0,03	0,13	0,00	0,00	0,00	-1,62	-0,00
		nxy+	0,00	0,03	0,13	0,00	0,00	0,00	-1,62	-0,00
		qx min	0,00	0,32	1,17	0,00	0,00	0,00	-15,18	-0,00
		qx max	0,00	0,03	0,13	0,00	0,00	0,00	-1,62	-0,00
		qy min	0,00	0,05	0,17	0,00	0,00	0,00	-2,19	-0,00
		qy max	0,00	0,03	0,13	0,00	0,00	0,00	-1,62	-0,00
										
200	4	mx min	1,88	-0,19	0,13	0,00	0,00	0,00	-1,62	0,00
		mx max	17,53	-1,81	1,17	0,00	0,00	0,00	-15,18	0,00
		my min	17,53	-1,81	1,17	0,00	0,00	0,00	-15,18	0,00
		my max	1,88	-0,19	0,13	0,00	0,00	0,00	-1,62	0,00
		mxy-	8,03	-0,78	-2,15	0,00	0,00	0,00	-6,84	-0,77
		mxy+	11,37	-1,23	3,44	0,00	0,00	0,00	-9,97	0,77
		nx min	1,88	-0,19	0,13	0,00	0,00	0,00	-1,62	0,00
		nx max	1,88	-0,19	0,13	0,00	0,00	0,00	-1,62	0,00
		ny min	1,88	-0,19	0,13	0,00	0,00	0,00	-1,62	0,00
		ny max	1,88	-0,19	0,13	0,00	0,00	0,00	-1,62	0,00
		nxy-	1,88	-0,19	0,13	0,00	0,00	0,00	-1,62	0,00
		nxy+	1,88	-0,19	0,13	0,00	0,00	0,00	-1,62	0,00
		qx min	17,53	-1,81	1,17	0,00	0,00	0,00	-15,18	0,00
		qx max	1,88	-0,19	0,13	0,00	0,00	0,00	-1,62	0,00
		qy min	8,03	-0,78	-2,15	0,00	0,00	0,00	-6,84	-0,77
		qy max	11,37	-1,23	3,44	0,00	0,00	0,00	-9,97	0,77