100	-0.02	18.39	-0.07	0.00	0.05	0.00
100	-0.02	9.98	-0.09	0.01	0.05	0.00
100	-0.04	9.98	-0.06	0.01	0.05	0.00
100	-0.04	18.39	-0.05	0.00	0.05	0.00
101	0.01	18.09	-0.20	0.00	0.05	0.01
101	0.01	9.80	-0.24	0.01	0.05	0.01
101	-0.06	9.80	-0.21	0.01	0.05	0.01
101	-0.06	18.09	-0.17	-0.00	0.05	0.01
102	0.03	17.47	-0.33	0.00	0.05	0.01
102	0.03	9.44	-0.39	0.01	0.05	0.01
102	-0.09	9.44	-0.37	0.01	0.05	0.01
102	-0.09	17.47	-0.30	-0.00	0.05	0.01
103	0.05	16.54	-0.46	0.00	0.05	0.02
103	0.05	8.91	-0.55	0.01	0.04	0.02
103	-0.12	8.91	-0.53	0.01	0.05	0.02
103	-0.12	16.54	-0.43	-0.00	0.05	0.02
104	0.08	15.27	-0.60	0.00	0.04	0.02
104	0.08	8.18	-0.72	0.00	0.04	0.02
104	-0.15	8.18	-0.69	0.01	0.04	0.02
104	-0.15	15.27	-0.57	-0.00	0.05	0.02
105	0.10	13.65	-0.74	0.00	0.04	0.03
105	0.10	7.27	-0.90	0.00	0.03	0.03
105	-0.18	7.27	-0.87	0.00	0.04	0.02
105	-0.18	13.65	-0.72	-0.00	0.04	0.02
106	0.13	11.66	-0.89	0.00	0.03	0.03
106	0.13	6.17	-1.08	0.00	0.03	0.03
106	-0.21	6.17	-1.05	0.00	0.04	0.03
106	-0.21	11.66	-0.86	-0.00	0.04	0.03
107	0.15	9.29	-1.05	0.00	0.02	0.03
107	0.15	4.87	-1.26	-0.00	0.02	0.03
107	-0.23	4.87	-1.23	0.00	0.03	0.03
107	-0.23	9.29	-1.01	-0.00	0.03	0.03
108	0.26	6.59	-1.16	0.00	0.01	0.03
108	0.26	3.36	-1.39	-0.00	0.01	0.03
108	-0.27	3.36	-1.39	-0.00	0.02	0.03
108	-0.27	6.59	-1.16	-0.00	0.02	0.03
109	0.09	3.60	-1.31	0.00	-0.01	0.03
109	0.09	1.61	-1.67	-0.01	-0.01	0.03
109	-0.21	1.61	-1.56	-0.00	0.01	0.03
109	-0.21	3.60	-1.21	-0.00	0.01	0.03
110	0.41	0.60	-1.24	0.00	-0.02	0.03
110	0.41	-0.67	-1.19	-0.01	-0.02	0.03
110	-0.44	-0.67	-1.55	-0.01	-0.00	0.03
110	-0.44	0.60	-1.59	-0.00	-0.01	0.03
111	1.74	-1.97	-1.92	-0.00	-0.04	0.02
111	1.74	-4.85	-3.97	-0.02	-0.04	0.02
111	-0.27	-4.85	-2.44	-0.01	-0.02	0.02
111	-0.27	-1.97	-0.39	-0.00	-0.03	0.02
112	-30.74	-19.20	-8.79	0.00	-0.02	0.02
112	-30.74	-1.41	-5.69	-0.02	-0.04	0.03
112	0.36	-1.41	-7.13	-0.02	-0.04	0.02
112	0.36	-19.20	-10.23	-0.00	-0.04	0.02
113	0.49	-19.94	9.62	-0.00	-0.04	0.03
113	0.49	-1.87	6.39	-0.02	-0.04	0.03
113	-30.86	-1.87	4.95	-0.02	-0.04	0.03
113	-30.86	-19.94	8.18	0.00	-0.02	0.03
114	-0.15	-4.16	-0.20	-0.00	-0.04	0.03
114	-0.15	-6.21	1.72	-0.02	-0.03	0.03
114	1.63	-6.21	3.25	-0.02	-0.04	0.03
114	1.63	-4.16	1.33	-0.00	-0.04	0.03
115	-0.16	-2.88	1.10	0.00	-0.02	0.02
115	-0.16	-3.02	0.92	-0.02	-0.02	0.02
115	0.30	-3.02	0.52	-0.02	-0.03	0.02
115	0.30	-2.88	0.70	-0.00	-0.03	0.02
116	-0.52	-0.96	0.66	-0.01	-0.01	0.01
116	-0.52	-1.87	0.77	-0.02	-0.01	0.02
116	0.14	-1.87	1.02	-0.02	-0.02	0.02
116	0.14	-0.96	0.90	0.00	-0.02	0.01
117	-0.45	-1.08	0.72	-0.02	-0.01	0.01
117	-0.18	0.25	1.27	-0.01	-0.00	0.01
117	-1.44	-1.28	0.34	-0.02	-0.01	0.02
200	-0.18	9.72	-0.18	0.01	0.05	0.00
200	-0.18	1.88	-0.19	0.01	0.04	0.00
200	-0.19	1.88	-0.13	0.01	0.04	0.00
200	-0.19	9.72	-0.11	0.01	0.05	0.00
201	-0.17	9.55	-0.47	0.01	0.04	0.01
201	-0.17	1.84	-0.52	0.01	0.04	0.01
201	-0.20	1.84	-0.45	0.01	0.04	0.01
201	-0.20	9.55	-0.41	0.01	0.05	0.01
202	-0.17	9.20	-0.77	0.01	0.04	0.01
202	-0.17	1.75	-0.85	0.01	0.04	0.01
202	-0.22	1.75	-0.78	0.01	0.04	0.01
202	-0.22	9.20	-0.70	0.01	0.04	0.01
203	-0.17	8.67	-1.08	0.01	0.04	0.02
203	-0.17	1.62	-1.18	0.00	0.04	0.02
203	-0.24	1.62	-1.12	0.01	0.04	0.02
203	-0.24	8.67	-1.01	0.01	0.04	0.01
204	-0.17	7.96	-1.40	0.00	0.04	0.02
204	-0.17	1.45	-1.53	0.00	0.03	0.02
204	-0.26	1.45	-1.46	0.00	0.03	0.02
204	-0.26	7.96	-1.33	0.01	0.04	0.02
205	-0.17	7.07	-1.72	0.00	0.03	0.02
205	-0.17	1.25	-1.89	0.00	0.03	0.02
205	-0.28	1.25	-1.82	0.00	0.03	0.02
205	-0.28	7.07	-1.65	0.00	0.04	0.02
206	-0.17	5.99	-2.06	0.00	0.03	0.03
206	-0.17	1.04	-2.26	-0.00	0.03	0.03
206	-0.30	1.04	-2.18	0.00	0.03	0.03
206	-0.30	5.99	-1.99	0.00	0.03	0.03
207	-0.13	4.72	-2.39	-0.00	0.02	0.03
207	-0.13	0.80	-2.62	-0.00	0.02	0.03
207	-0.32	0.80	-2.55	-0.00	0.02	0.03
207	-0.32	4.72	-2.32	0.00	0.03	0.03
208	-0.11	3.24	-2.72	-0.00	0.01	0.03
208	-0.11	0.55	-2.99	-0.01	0.01	0.03
208	-0.30	0.55	-2.92	-0.01	0.01	0.03
208	-0.30	3.24	-2.65	-0.00	0.02	0.03
209	-0.11	1.54	-3.06	-0.01	-0.01	0.03
209	-0.11	0.24	-3.33	-0.02	-0.00	0.03
209	-0.31	0.24	-3.27	-0.01	0.01	0.03
209	-0.31	1.54	-3.00	-0.00	0.01	0.03
210	-0.01	-0.69	-3.64	-0.01	-0.02	0.02
210	-0.01	-0.12	-4.20	-0.03	-0.02	0.03
210	-0.37	-0.12	-3.90	-0.02	-0.01	0.03
210	-0.37	-0.69	-3.33	-0.01	-0.00	0.03
211	-6.71	-5.59	-5.93	-0.02	-0.04	0.02
211	-6.71	1.44	-5.92	-0.05	-0.04	0.03
211	-0.34	1.44	-5.58	-0.03	-0.03	0.03
211	-0.34	-5.59	-5.58	-0.01	-0.02	0.02
212	-11.21	-0.14	-3.26	-0.02	-0.04	0.02
212	-11.21	2.24	-3.09	-0.06	-0.05	0.03
212	-6.08	2.24	-4.26	-0.05	-0.04	0.02
212	-6.08	-0.14	-4.43	-0.02	-0.03	0.02
213	-6.00	-0.58	2.96	-0.02	-0.04	0.03
213	-6.00	2.07	2.63	-0.05	-0.04	0.03
213	-11.27	2.07	1.45	-0.06	-0.05	0.03
213	-11.27	-0.58	1.78	-0.02	-0.04	0.03
214	-0.20	-6.91	4.14	-0.02	-0.03	0.03
214	-0.20	0.89	3.96	-0.04	-0.03	0.02
214	-6.75	0.89	4.30	-0.05	-0.04	0.02
214	-6.75	-6.91	4.48	-0.02	-0.04	0.03
215	-0.21	-2.98	1.89	-0.02	-0.02	0.02
215	-0.21	-1.06	2.28	-0.03	-0.02	0.02
215	-0.01	-1.06	2.59	-0.04	-0.03	0.02
215	-0.01	-2.98	2.20	-0.02	-0.03	0.02
216	-0.58	-1.86	1.54	-0.02	-0.01	0.02
216	-0.58	-1.07	1.62	-0.03	-0.01	0.02
216	-0.09	-1.07	1.66	-0.03	-0.01	0.02
216	-0.09	-1.86	1.57	-0.02	-0.02	0.02
217	-0.52	-1.13	1.43	-0.03	-0.01	0.02
217	-0.52	-1.17	1.39	-0.02	-0.01	0.02
217	-1.46	-1.17	1.22	-0.03	-0.01	0.02
217	-1.46	-1.13	1.26	-0.03	-0.01	0.02
218	-2.06	-0.81	1.56	-0.03	-0.01	0.02
218	-1.37	-0.67	1.05	-0.03	-0.01	0.02
218	-1.72	-2.44	1.44	-0.03	-0.01	0.02
300	-0.48	1.78	-0.22	0.01	0.04	0.00
300	-0.48	-1.30	-0.22	0.00	0.03	0.00
300	-0.48	-1.30	-0.15	0.00	0.03	0.00
300	-0.48	1.78	-0.15	0.01	0.04	0.00
301	-0.49	1.73	-0.59	0.01	0.04	0.01
301	-0.49	-1.28	-0.59	0.00	0.03	0.01
301	-0.48	-1.28	-0.52	0.00	0.03	0.01
301	-0.48	1.73	-0.51	0.01	0.04	0.01
302	-0.50	1.65	-0.96	0.01	0.04	0.01
302	-0.50	-1.24	-0.97	0.00	0.03	0.01
302	-0.49	-1.24	-0.89	0.00	0.03	0.01
302	-0.49	1.65	-0.88	0.01	0.04	0.01
303	-0.52	1.52	-1.33	0.00	0.03	0.02
303	-0.52	-1.18	-1.34	0.00	0.03	0.02
303	-0.51	-1.18	-1.27	0.00	0.03	0.01
303	-0.51	1.52	-1.26	0.01	0.04	0.01
304	-0.54	1.35	-1.72	0.00	0.03	0.02
304	-0.54	-1.08	-1.73	0.00	0.03	0.02
304	-0.53	-1.08	-1.65	0.00	0.03	0.02
304	-0.53	1.35	-1.64	0.00	0.03	0.02
305	-0.56	1.16	-2.11	0.00	0.03	0.02
305	-0.56	-0.95	-2.12	-0.00	0.02	0.02
305	-0.55	-0.95	-2.04	0.00	0.03	0.02
305	-0.55	1.16	-2.03	0.00	0.03	0.02
306	-0.56	0.95	-2.50	-0.00	0.02	0.03
306	-0.56	-0.78	-2.50	-0.00	0.02	0.03
306	-0.56	-0.78	-2.43	-0.00	0.02	0.03
306	-0.56	0.95	-2.42	0.00	0.03	0.02
307	-0.54	0.72	-2.89	-0.01	0.01	0.03
307	-0.54	-0.57	-2.89	-0.01	0.01	0.03
307	-0.56	-0.57	-2.82	-0.00	0.02	0.03
307	-0.56	0.72	-2.81	-0.00	0.02	0.03
308	-0.53	0.48	-3.28	-0.01	0.01	0.03
308	-0.53	-0.32	-3.29	-0.01	0.01	0.03
308	-0.54	-0.32	-3.21	-0.01	0.01	0.03
308	-0.54	0.48	-3.20	-0.00	0.02	0.03
309	-0.60	0.16	-3.73	-0.02	-0.01	0.03
309	-0.60	-0.01	-3.77	-0.02	-0.00	0.03
309	-0.52	-0.01	-3.65	-0.01	0.01	0.03
309	-0.52	0.16	-3.62	-0.01	0.01	0.03
310	-2.18	-0.36	-4.49	-0.03	-0.02	0.03
310	-2.18	0.76	-4.41	-0.03	-0.02	0.03
310	-0.57	0.76	-4.26	-0.02	-0.00	0.03
310	-0.57	-0.36	-4.34	-0.02	-0.00	0.03
311	-4.47	1.46	-4.24	-0.05	-0.05	0.03
311	-4.47	1.64	-3.88	-0.03	-0.03	0.03
311	-1.91	1.64	-4.21	-0.03	-0.02	0.03
311	-1.91	1.46	-4.57	-0.03	-0.02	0.03
312	-5.33	2.92	-2.23	-0.06	-0.05	0.02
312	-5.33	2.23	-1.98	-0.03	-0.04	0.03
312	-4.26	2.23	-2.41	-0.03	-0.03	0.03
312	-4.26	2.92	-2.66	-0.05	-0.04	0.03
313	-4.21	2.75	0.73	-0.05	-0.04	0.02
313	-4.21	2.21	0.43	-0.03	-0.04	0.02
313	-5.35	2.21	0.00	-0.03	-0.04	0.02
313	-5.35	2.75	0.29	-0.06	-0.05	0.02
314	-1.81	0.93	2.63	-0.04	-0.02	0.02
314	-1.81	1.57	2.22	-0.03	-0.02	0.02
314	-4.45	1.57	1.89	-0.03	-0.03	0.02
314	-4.45	0.93	2.30	-0.05	-0.05	0.02
315	-0.53	-1.28	2.37	-0.03	-0.01	0.02
315	-0.53	0.65	2.23	-0.03	-0.01	0.02
315	-2.12	0.65	2.39	-0.03	-0.02	0.02
315	-2.12	-1.28	2.53	-0.04	-0.03	0.02
316	-0.79	-1.11	1.65	-0.03	-0.01	0.02
316	-0.79	-0.18	1.64	-0.03	-0.01	0.02
316	-0.60	-0.18	1.74	-0.03	-0.01	0.02
316	-0.60	-1.11	1.74	-0.03	-0.02	0.02
317	-0.80	-1.12	1.40	-0.03	-0.01	0.02
317	-1.29	-1.12	1.30	-0.03	-0.01	0.02
317	-1.36	-0.53	1.29	-0.03	-0.01	0.02
317	-0.84	-0.52	1.40	-0.03	-0.01	0.02
318	-1.46	-1.44	1.41	-0.03	-0.01	0.02
318	-1.82	-0.53	1.32	-0.02	-0.01	0.02
318	-1.22	-0.42	1.04	-0.03	-0.01	0.02
319	-1.72	-0.67	1.31	-0.03	-0.01	0.02
319	-2.17	-0.89	1.64	-0.03	-0.01	0.02
319	-2.30	-0.93	1.67	-0.02	-0.01	0.02
319	-1.80	-0.70	1.34	-0.02	-0.01	0.02
400	-0.79	-1.33	-0.21	0.00	0.03	0.00
400	-0.79	-4.35	-0.21	-0.01	0.02	0.00
400	-0.78	-4.35	-0.14	-0.01	0.02	0.00
400	-0.78	-1.33	-0.14	0.00	0.03	0.00
401	-0.81	-1.32	-0.57	0.00	0.03	0.01
401	-0.81	-4.28	-0.56	-0.01	0.02	0.01
401	-0.78	-4.28	-0.48	-0.01	0.02	0.01
401	-0.78	-1.32	-0.50	0.00	0.03	0.01
402	-0.83	-1.28	-0.92	0.00	0.03	0.01
402	-0.83	-4.12	-0.90	-0.01	0.02	0.01
402	-0.79	-4.12	-0.83	-0.01	0.02	0.01
402	-0.79	-1.28	-0.85	0.00	0.03	0.01
403	-0.86	-1.22	-1.28	0.00	0.03	0.02
403	-0.86	-3.89	-1.25	-0.01	0.02	0.02
403	-0.80	-3.89	-1.18	-0.01	0.02	0.01
403	-0.80	-1.22	-1.21	0.00	0.03	0.01
404	-0.89	-1.12	-1.63	0.00	0.02	0.02
404	-0.89	-3.56	-1.59	-0.01	0.02	0.02
404	-0.82	-3.56	-1.52	-0.01	0.02	0.02
404	-0.82	-1.12	-1.56	0.00	0.03	0.02
405	-0.91	-1.00	-1.99	-0.00	0.02	0.02
405	-0.91	-3.14	-1.94	-0.01	0.02	0.02
405	-0.83	-3.14	-1.87	-0.01	0.02	0.02
405	-0.83	-1.00	-1.92	0.00	0.02	0.02
406	-0.91	-0.83	-2.34	-0.00	0.02	0.03
406	-0.91	-2.62	-2.28	-0.01	0.01	0.03
406	-0.84	-2.62	-2.21	-0.01	0.01	0.03
406	-0.84	-0.83	-2.27	-0.00	0.02	0.02
407	-0.90	-0.62	-2.69	-0.01	0.01	0.03
407	-0.90	-1.98	-2.61	-0.01	0.01	0.03
407	-0.83	-1.98	-2.54	-0.01	0.01	0.03
407	-0.83	-0.62	-2.62	-0.00	0.02	0.03
408	-0.91	-0.38	-3.04	-0.01	0.01	0.03
408	-0.91	-1.19	-2.95	-0.02	0.00	0.03
408	-0.80	-1.19	-2.88	-0.02	0.01	0.03
408	-0.80	-0.38	-2.97	-0.01	0.01	0.03
409	-1.23	-0.10	-3.42	-0.02	-0.00	0.03
409	-1.23	-0.17	-3.29	-0.02	-0.00	0.03
409	-0.77	-0.17	-3.22	-0.02	0.00	0.03
409	-0.77	-0.10	-3.35	-0.01	0.01	0.03
410	-1.90	0.72	-3.52	-0.03	-0.02	0.03
410	-1.90	1.02	-3.30	-0.03	-0.02	0.03
410	-1.03	1.02	-3.35	-0.02	-0.01	0.03
410	-1.03	0.72	-3.57	-0.02	-0.00	0.03
411	-2.64	1.79	-2.97	-0.03	-0.03	0.03
411	-2.64	2.15	-2.78	-0.03	-0.02	0.03
411	-1.68	2.15	-2.92	-0.03	-0.02	0.03
411	-1.68	1.79	-3.11	-0.03	-0.02	0.03
412	-2.95	2.57	-1.63	-0.03	-0.04	0.03
412	-2.95	2.97	-1.57	-0.03	-0.03	0.03
412	-2.48	2.97	-1.88	-0.03	-0.03	0.03
412	-2.48	2.57	-1.94	-0.03	-0.03	0.03
413	-2.47	2.55	-0.06	-0.03	-0.03	0.02
413	-2.47	3.11	-0.11	-0.03	-0.03	0.02
413	-2.94	3.11	-0.41	-0.03	-0.03	0.02
413	-2.94	2.55	-0.36	-0.03	-0.04	0.02
414	-1.65	1.72	1.10	-0.03	-0.02	0.02
414	-1.65	2.59	0.92	-0.03	-0.02	0.02
414	-2.60	2.59	0.78	-0.03	-0.03	0.02
414	-2.60	1.72	0.96	-0.03	-0.03	0.02
415	-1.05	0.61	1.53	-0.03	-0.01	0.01
415	-1.05	1.78	1.33	-0.03	-0.01	0.01
415	-1.84	1.78	1.28	-0.03	-0.02	0.02
415	-1.84	0.61	1.48	-0.03	-0.02	0.02
416	-0.95	-0.25	1.31	-0.03	-0.01	0.02
416	-0.95	0.98	1.20	-0.03	-0.01	0.01
416	-1.22	0.98	1.27	-0.03	-0.01	0.01
416	-1.22	-0.25	1.38	-0.03	-0.01	0.02
417	-1.21	-0.51	1.26	-0.03	-0.01	0.02
417	-1.55	-0.53	1.30	-0.03	-0.01	0.01
417	-1.18	0.45	0.99	-0.03	-0.01	0.01
417	-0.94	0.45	0.87	-0.03	-0.01	0.01
418	-1.57	-0.47	1.27	-0.03	-0.01	0.02
418	-2.00	-0.52	1.36	-0.02	-0.01	0.02
418	-1.52	0.08	1.08	-0.03	-0.01	0.01
418	-1.23	0.10	0.94	-0.03	-0.01	0.01
419	-1.99	-0.84	1.28	-0.02	-0.01	0.02
419	-2.86	-0.89	1.47	-0.02	-0.01	0.02
419	-2.16	-0.39	1.34	-0.03	-0.01	0.02
419	-1.58	-0.39	1.12	-0.02	-0.01	0.02
500	-1.09	-4.31	-0.17	-0.01	0.02	0.00
500	-1.09	-4.40	-0.17	-0.01	0.02	0.00
500	-1.07	-4.40	-0.11	-0.01	0.02	0.00
500	-1.07	-4.31	-0.12	-0.01	0.02	0.00
501	-1.10	-4.24	-0.46	-0.01	0.02	0.01
501	-1.10	-4.31	-0.44	-0.01	0.01	0.01
501	-1.07	-4.31	-0.38	-0.01	0.02	0.01
501	-1.07	-4.24	-0.41	-0.01	0.02	0.01
502	-1.13	-4.08	-0.75	-0.01	0.02	0.01
502	-1.13	-4.14	-0.71	-0.01	0.01	0.01
502	-1.07	-4.14	-0.66	-0.01	0.01	0.01
502	-1.07	-4.08	-0.69	-0.01	0.02	0.01
503	-1.16	-3.85	-1.03	-0.01	0.02	0.02
503	-1.16	-3.87	-0.98	-0.01	0.01	0.02
503	-1.08	-3.87	-0.92	-0.01	0.01	0.01
503	-1.08	-3.85	-0.98	-0.01	0.02	0.01
504	-1.18	-3.54	-1.31	-0.01	0.02	0.02
504	-1.18	-3.52	-1.24	-0.01	0.01	0.02
504	-1.09	-3.52	-1.19	-0.01	0.01	0.02
504	-1.09	-3.54	-1.25	-0.01	0.02	0.02
505	-1.20	-3.13	-1.58	-0.01	0.01	0.02
505	-1.20	-3.07	-1.49	-0.01	0.01	0.02
505	-1.09	-3.07	-1.44	-0.01	0.01	0.02
505	-1.09	-3.13	-1.52	-0.01	0.02	0.02
506	-1.19	-2.62	-1.83	-0.01	0.01	0.03
506	-1.19	-2.51	-1.73	-0.01	0.01	0.03
506	-1.09	-2.51	-1.68	-0.01	0.01	0.02
506	-1.09	-2.62	-1.78	-0.01	0.02	0.02
507	-1.17	-1.99	-2.08	-0.02	0.01	0.03
507	-1.17	-1.86	-1.95	-0.01	0.01	0.03
507	-1.06	-1.86	-1.90	-0.01	0.01	0.03
507	-1.06	-1.99	-2.03	-0.01	0.01	0.03
508	-1.17	-1.22	-2.30	-0.02	0.00	0.03
508	-1.17	-1.10	-2.14	-0.01	0.00	0.03
508	-1.01	-1.10	-2.11	-0.01	0.01	0.03
508	-1.01	-1.22	-2.26	-0.01	0.01	0.03
509	-1.25	-0.20	-2.42	-0.02	-0.01	0.03
509	-1.25	-0.26	-2.24	-0.01	-0.00	0.03
509	-0.99	-0.26	-2.23	-0.01	0.00	0.03
509	-0.99	-0.20	-2.42	-0.02	0.00	0.03
510	-1.41	1.03	-2.34	-0.03	-0.02	0.03
510	-1.41	0.58	-2.15	-0.01	-0.01	0.03
510	-1.05	0.58	-2.19	-0.01	-0.00	0.03
510	-1.05	1.03	-2.38	-0.02	-0.00	0.03
511	-1.57	2.25	-1.94	-0.03	-0.03	0.03
511	-1.57	1.34	-1.77	-0.01	-0.02	0.03
511	-1.21	1.34	-1.88	-0.01	-0.01	0.03
511	-1.21	2.25	-2.05	-0.03	-0.01	0.03
512	-1.59	3.12	-1.23	-0.03	-0.03	0.02
512	-1.59	1.85	-1.15	-0.02	-0.02	0.02
512	-1.43	1.85	-1.29	-0.02	-0.02	0.03
512	-1.43	3.12	-1.38	-0.03	-0.02	0.03
513	-1.45	3.26	-0.40	-0.03	-0.03	0.02
513	-1.45	2.05	-0.43	-0.02	-0.02	0.02
513	-1.56	2.05	-0.58	-0.02	-0.02	0.02
513	-1.56	3.26	-0.54	-0.03	-0.03	0.02
514	-1.22	2.66	0.27	-0.03	-0.02	0.02
514	-1.22	1.93	0.16	-0.02	-0.01	0.02
514	-1.52	1.93	0.05	-0.02	-0.02	0.02
514	-1.52	2.66	0.16	-0.03	-0.03	0.02
515	-1.04	1.78	0.61	-0.03	-0.01	0.01
515	-1.04	1.56	0.48	-0.02	-0.01	0.01
515	-1.34	1.56	0.44	-0.02	-0.01	0.01
515	-1.34	1.78	0.57	-0.03	-0.02	0.01
516	-1.13	0.94	0.72	-0.03	-0.01	0.01
516	-1.13	1.08	0.60	-0.01	-0.01	0.01
516	-1.17	1.08	0.58	-0.02	-0.01	0.01
516	-1.17	0.94	0.70	-0.03	-0.01	0.01
517	-1.33	0.62	0.73	-0.01	-0.01	0.01
517	-1.30	0.62	0.71	-0.01	-0.01	0.01
517	-1.15	0.38	0.65	-0.03	-0.01	0.01
517	-1.18	0.38	0.67	-0.03	-0.01	0.01
518	-1.08	0.32	0.95	-0.02	-0.01	0.01
518	-1.31	0.28	0.70	-0.01	-0.01	0.01
518	-1.44	-0.51	0.62	-0.03	-0.01	0.01
519	-1.51	-0.44	0.59	-0.01	-0.00	0.01
519	-0.99	0.14	0.97	-0.02	-0.01	0.01
519	-1.54	0.03	0.80	-0.03	-0.01	0.01
520	-2.04	-0.31	0.77	-0.01	-0.01	0.01
520	-1.77	-0.28	0.86	-0.01	-0.01	0.01
520	-1.57	-0.36	1.04	-0.03	-0.01	0.01
520	-1.80	-0.38	0.95	-0.02	-0.01	0.01
521	-3.03	-0.37	1.02	-0.01	-0.01	0.01
521	-1.60	-0.08	0.47	-0.01	-0.01	0.01
521	-2.50	-1.95	1.41	-0.02	-0.02	0.01
600	-1.28	-4.33	-0.12	-0.01	0.01	0.00
600	-1.28	-4.58	-0.11	-0.02	0.01	0.00
600	-1.27	-4.58	-0.07	-0.02	0.01	0.00
600	-1.27	-4.33	-0.08	-0.01	0.01	0.00
601	-1.30	-4.25	-0.33	-0.01	0.01	0.01
601	-1.30	-4.49	-0.30	-0.02	0.01	0.01
601	-1.27	-4.49	-0.26	-0.02	0.01	0.00
601	-1.27	-4.25	-0.29	-0.01	0.01	0.00
602	-1.32	-4.08	-0.53	-0.01	0.01	0.01
602	-1.32	-4.31	-0.48	-0.02	0.01	0.01
602	-1.27	-4.31	-0.45	-0.02	0.01	0.01
602	-1.27	-4.08	-0.49	-0.01	0.01	0.01
603	-1.34	-3.82	-0.72	-0.01	0.01	0.01
603	-1.34	-4.03	-0.66	-0.02	0.01	0.01
603	-1.27	-4.03	-0.62	-0.02	0.01	0.01
603	-1.27	-3.82	-0.68	-0.01	0.01	0.01
604	-1.35	-3.47	-0.90	-0.01	0.01	0.02
604	-1.35	-3.66	-0.83	-0.02	0.00	0.02
604	-1.27	-3.66	-0.79	-0.02	0.01	0.02
604	-1.27	-3.47	-0.87	-0.01	0.01	0.02
605	-1.35	-3.03	-1.07	-0.01	0.01	0.02
605	-1.35	-3.19	-0.98	-0.02	0.00	0.02
605	-1.26	-3.19	-0.95	-0.02	0.00	0.02
605	-1.26	-3.03	-1.04	-0.01	0.01	0.02
606	-1.33	-2.49	-1.23	-0.01	0.01	0.02
606	-1.33	-2.63	-1.11	-0.02	0.00	0.02
606	-1.24	-2.63	-1.09	-0.02	0.00	0.02
606	-1.24	-2.49	-1.20	-0.01	0.01	0.02
607	-1.29	-1.85	-1.36	-0.01	0.01	0.03
607	-1.29	-1.97	-1.23	-0.02	0.00	0.03
607	-1.20	-1.97	-1.21	-0.02	0.00	0.03
607	-1.20	-1.85	-1.34	-0.01	0.01	0.03
608	-1.22	-1.10	-1.46	-0.01	0.00	0.03
608	-1.22	-1.22	-1.31	-0.02	-0.00	0.03
608	-1.14	-1.22	-1.30	-0.02	0.00	0.03
608	-1.14	-1.10	-1.45	-0.01	0.00	0.03
609	-1.14	-0.26	-1.49	-0.01	-0.00	0.03
609	-1.14	-0.43	-1.33	-0.01	-0.00	0.03
609	-1.05	-0.43	-1.33	-0.02	-0.00	0.03
609	-1.05	-0.26	-1.49	-0.01	0.00	0.03
610	-1.06	0.61	-1.41	-0.01	-0.01	0.03
610	-1.06	0.36	-1.25	-0.01	-0.01	0.03
610	-0.97	0.36	-1.28	-0.01	-0.00	0.03
610	-0.97	0.61	-1.44	-0.01	-0.00	0.03
611	-1.00	1.39	-1.19	-0.01	-0.01	0.03
611	-1.00	1.05	-1.07	-0.01	-0.01	0.03
611	-0.92	1.05	-1.12	-0.01	-0.01	0.03
611	-0.92	1.39	-1.24	-0.01	-0.01	0.03
612	-0.95	1.92	-0.86	-0.02	-0.02	0.02
612	-0.95	1.54	-0.79	-0.01	-0.01	0.02
612	-0.90	1.54	-0.85	-0.01	-0.01	0.02
612	-0.90	1.92	-0.92	-0.02	-0.02	0.02
613	-0.92	2.11	-0.48	-0.02	-0.02	0.02
613	-0.92	1.77	-0.48	-0.01	-0.01	0.02
613	-0.91	1.77	-0.54	-0.01	-0.01	0.02
613	-0.91	2.11	-0.55	-0.02	-0.02	0.02
614	-0.91	1.96	-0.16	-0.02	-0.01	0.01
614	-0.91	1.74	-0.20	-0.01	-0.01	0.01
614	-0.94	1.74	-0.25	-0.01	-0.01	0.02
614	-0.94	1.96	-0.21	-0.02	-0.02	0.02
615	-0.94	1.56	0.06	-0.02	-0.01	0.01
615	-0.94	1.54	-0.01	-0.01	-0.01	0.01
615	-0.97	1.54	-0.05	-0.01	-0.01	0.01
615	-0.97	1.56	0.03	-0.02	-0.01	0.01
616	-0.99	1.08	0.19	-0.01	-0.01	0.01
616	-0.99	1.24	0.11	-0.01	-0.01	0.01
616	-1.02	1.24	0.08	-0.01	-0.01	0.01
616	-1.02	1.08	0.16	-0.02	-0.01	0.01
617	-1.14	0.64	0.30	-0.01	-0.01	0.01
617	-1.18	0.64	0.27	-0.01	-0.01	0.01
617	-1.02	0.93	0.12	-0.01	-0.01	0.01
617	-0.99	0.92	0.14	-0.01	-0.01	0.01
618	-1.24	0.29	0.31	-0.01	-0.01	0.01
618	-1.40	0.25	0.41	-0.01	-0.01	0.01
618	-1.20	0.66	0.27	-0.01	-0.01	0.01
618	-1.08	0.69	0.14	-0.01	-0.01	0.01
619	-1.43	-0.21	0.39	-0.01	-0.01	0.01
619	-2.00	-0.26	0.51	-0.01	-0.01	0.01
619	-1.71	0.42	0.47	-0.01	-0.01	0.01
619	-1.26	0.45	0.31	-0.01	-0.00	0.01
620	-1.81	-0.05	0.67	-0.01	-0.01	0.01
620	-2.11	-0.27	0.98	-0.01	-0.01	0.01
620	-1.81	-0.16	0.99	-0.01	-0.01	0.01
620	-1.59	0.04	0.68	-0.01	-0.01	0.01
700	-1.42	-4.49	-0.07	-0.02	0.01	0.00
700	-1.42	-3.35	-0.06	-0.02	0.00	0.00
700	-1.41	-3.35	-0.04	-0.02	0.00	0.00
700	-1.41	-4.49	-0.05	-0.02	0.01	0.00
701	-1.43	-4.40	-0.19	-0.02	0.01	0.01
701	-1.43	-3.29	-0.16	-0.02	0.00	0.01
701	-1.41	-3.29	-0.14	-0.02	0.00	0.00
701	-1.41	-4.40	-0.16	-0.02	0.01	0.00
702	-1.44	-4.22	-0.30	-0.02	0.00	0.01
702	-1.44	-3.15	-0.26	-0.02	0.00	0.01
702	-1.40	-3.15	-0.24	-0.02	0.00	0.01
702	-1.40	-4.22	-0.28	-0.02	0.01	0.01
703	-1.45	-3.95	-0.40	-0.02	0.00	0.01
703	-1.45	-2.94	-0.35	-0.02	0.00	0.01
703	-1.39	-2.94	-0.33	-0.02	0.00	0.01
703	-1.39	-3.95	-0.38	-0.02	0.01	0.01
704	-1.44	-3.58	-0.49	-0.02	0.00	0.02
704	-1.44	-2.66	-0.42	-0.02	0.00	0.02
704	-1.38	-2.66	-0.41	-0.02	0.00	0.01
704	-1.38	-3.58	-0.47	-0.02	0.01	0.01
705	-1.43	-3.13	-0.57	-0.02	0.00	0.02
705	-1.43	-2.32	-0.48	-0.02	0.00	0.02
705	-1.37	-2.32	-0.47	-0.02	0.00	0.02
705	-1.37	-3.13	-0.56	-0.02	0.00	0.02
706	-1.38	-2.58	-0.63	-0.02	0.00	0.02
706	-1.38	-1.92	-0.53	-0.01	0.00	0.02
706	-1.33	-1.92	-0.52	-0.02	0.00	0.02
706	-1.33	-2.58	-0.62	-0.02	0.00	0.02
707	-1.30	-1.93	-0.67	-0.02	-0.00	0.02
707	-1.30	-1.47	-0.56	-0.01	0.00	0.02
707	-1.27	-1.47	-0.56	-0.01	0.00	0.02
707	-1.27	-1.93	-0.67	-0.02	0.00	0.02
708	-1.18	-1.20	-0.70	-0.02	-0.00	0.03
708	-1.18	-0.98	-0.58	-0.01	-0.00	0.02
708	-1.18	-0.98	-0.58	-0.01	-0.00	0.02
708	-1.18	-1.20	-0.70	-0.02	0.00	0.02
709	-1.03	-0.41	-0.70	-0.01	-0.00	0.03
709	-1.03	-0.49	-0.57	-0.01	-0.00	0.02
709	-1.05	-0.49	-0.58	-0.01	-0.00	0.02
709	-1.05	-0.41	-0.70	-0.02	-0.00	0.03
710	-0.87	0.37	-0.67	-0.01	-0.01	0.03
710	-0.87	-0.03	-0.55	-0.00	-0.00	0.02
710	-0.90	-0.03	-0.56	-0.01	-0.00	0.02
710	-0.90	0.37	-0.67	-0.01	-0.00	0.03
711	-0.74	1.05	-0.61	-0.01	-0.01	0.02
711	-0.74	0.37	-0.52	-0.00	-0.00	0.02
711	-0.76	0.37	-0.53	-0.00	-0.00	0.02
711	-0.76	1.05	-0.62	-0.01	-0.01	0.02
712	-0.67	1.54	-0.52	-0.01	-0.01	0.02
712	-0.67	0.67	-0.47	0.00	-0.00	0.02
712	-0.66	0.67	-0.48	-0.00	-0.00	0.02
712	-0.66	1.54	-0.54	-0.01	-0.01	0.02
713	-0.67	1.77	-0.43	-0.01	-0.01	0.02
713	-0.67	0.86	-0.41	0.00	-0.00	0.02
713	-0.62	0.86	-0.42	0.00	-0.00	0.02
713	-0.62	1.77	-0.44	-0.01	-0.01	0.02
714	-0.73	1.74	-0.34	-0.01	-0.01	0.01
714	-0.73	0.94	-0.35	0.00	-0.00	0.01
714	-0.66	0.94	-0.36	0.00	-0.00	0.02
714	-0.66	1.74	-0.35	-0.01	-0.01	0.02
715	-0.81	1.53	-0.25	-0.01	-0.01	0.01
715	-0.81	0.91	-0.28	0.00	-0.00	0.01
715	-0.75	0.91	-0.30	0.00	-0.00	0.01
715	-0.75	1.53	-0.26	-0.01	-0.01	0.01
716	-0.88	1.22	-0.17	-0.01	-0.01	0.01
716	-0.88	0.80	-0.21	0.00	-0.00	0.01
716	-0.85	0.80	-0.23	0.00	-0.00	0.01
716	-0.85	1.22	-0.18	-0.01	-0.01	0.01
717	-0.87	0.91	-0.10	-0.01	-0.01	0.01
717	-0.94	0.91	-0.07	-0.01	-0.01	0.01
717	-1.07	0.65	-0.13	0.00	-0.00	0.01
717	-0.99	0.65	-0.17	0.00	-0.00	0.01
718	-1.00	0.68	-0.02	-0.01	-0.01	0.01
718	-1.01	0.66	-0.07	-0.01	-0.01	0.01
718	-1.16	0.45	-0.06	0.01	-0.00	0.01
718	-1.14	0.46	-0.02	0.00	-0.00	0.01
719	-1.27	-0.47	0.01	-0.01	-0.01	0.01
719	-1.06	0.52	0.25	0.01	-0.00	0.01
719	-1.08	0.52	-0.07	0.01	-0.00	0.01
720	-1.03	0.51	0.21	-0.01	-0.00	0.01
720	-1.36	0.43	0.37	-0.01	-0.01	0.01
720	-1.55	-0.06	0.34	0.01	-0.01	0.01
720	-1.18	0.03	0.17	0.01	-0.00	0.01
721	-1.29	0.01	0.43	-0.01	-0.01	0.01
721	-1.71	-0.06	0.61	-0.01	-0.01	0.01
721	-1.96	-0.23	0.58	0.01	-0.01	0.01
721	-1.46	-0.15	0.40	0.01	-0.00	0.01
800	-1.47	-3.28	-0.03	-0.02	0.00	0.00
800	-1.47	-2.33	-0.02	-0.03	-0.00	0.00
800	-1.46	-2.33	-0.01	-0.03	-0.00	0.00
800	-1.46	-3.28	-0.02	-0.02	0.00	0.00
801	-1.47	-3.22	-0.07	-0.02	0.00	0.01
801	-1.47	-2.28	-0.05	-0.03	-0.00	0.01
801	-1.45	-2.28	-0.05	-0.03	-0.00	0.00
801	-1.45	-3.22	-0.06	-0.02	0.00	0.00
802	-1.47	-3.08	-0.11	-0.02	0.00	0.01
802	-1.47	-2.19	-0.08	-0.03	-0.00	0.01
802	-1.44	-2.19	-0.08	-0.03	-0.00	0.01
802	-1.44	-3.08	-0.11	-0.02	0.00	0.01
803	-1.46	-2.88	-0.14	-0.02	0.00	0.01
803	-1.46	-2.05	-0.10	-0.03	-0.00	0.01
803	-1.43	-2.05	-0.10	-0.03	-0.00	0.01
803	-1.43	-2.88	-0.14	-0.02	0.00	0.01
804	-1.44	-2.60	-0.16	-0.02	0.00	0.01
804	-1.44	-1.86	-0.11	-0.03	-0.00	0.01
804	-1.41	-1.86	-0.11	-0.03	-0.00	0.01
804	-1.41	-2.60	-0.16	-0.02	0.00	0.01
805	-1.41	-2.27	-0.18	-0.02	0.00	0.02
805	-1.41	-1.64	-0.11	-0.02	-0.00	0.02
805	-1.39	-1.64	-0.11	-0.03	-0.00	0.01
805	-1.39	-2.27	-0.18	-0.02	0.00	0.02
806	-1.35	-1.88	-0.18	-0.01	0.00	0.02
806	-1.35	-1.39	-0.11	-0.02	-0.00	0.02
806	-1.34	-1.39	-0.11	-0.02	-0.00	0.02
806	-1.34	-1.88	-0.18	-0.02	0.00	0.02
807	-1.26	-1.43	-0.17	-0.01	-0.00	0.02
807	-1.26	-1.11	-0.09	-0.02	-0.00	0.02
807	-1.28	-1.11	-0.10	-0.02	-0.00	0.02
807	-1.28	-1.43	-0.17	-0.01	-0.00	0.02
808	-1.13	-0.96	-0.17	-0.01	-0.00	0.02
808	-1.13	-0.82	-0.09	-0.01	-0.00	0.02
808	-1.18	-0.82	-0.09	-0.02	-0.00	0.02
808	-1.18	-0.96	-0.17	-0.01	-0.00	0.02
809	-0.97	-0.48	-0.17	-0.01	-0.00	0.02
809	-0.97	-0.53	-0.09	-0.01	-0.00	0.02
809	-1.05	-0.53	-0.09	-0.01	-0.00	0.02
809	-1.05	-0.48	-0.17	-0.01	-0.00	0.02
810	-0.81	-0.03	-0.19	-0.00	-0.00	0.02
810	-0.81	-0.26	-0.12	-0.00	-0.00	0.02
810	-0.90	-0.26	-0.11	-0.01	-0.00	0.02
810	-0.90	-0.03	-0.18	-0.01	-0.00	0.02
811	-0.68	0.36	-0.22	-0.00	-0.00	0.02
811	-0.68	-0.02	-0.17	0.00	-0.00	0.02
811	-0.75	-0.02	-0.15	-0.00	-0.00	0.02
811	-0.75	0.36	-0.21	-0.00	-0.00	0.02
812	-0.62	0.65	-0.27	0.00	-0.00	0.02
812	-0.62	0.17	-0.23	0.00	-0.00	0.02
812	-0.64	0.17	-0.22	0.00	-0.00	0.02
812	-0.64	0.65	-0.26	-0.00	-0.00	0.02
813	-0.62	0.84	-0.32	0.00	-0.00	0.01
813	-0.62	0.32	-0.30	0.01	0.00	0.01
813	-0.59	0.32	-0.28	0.00	-0.00	0.02
813	-0.59	0.84	-0.31	0.00	-0.00	0.02
814	-0.68	0.92	-0.35	0.00	-0.00	0.01
814	-0.68	0.42	-0.35	0.01	0.00	0.01
814	-0.61	0.42	-0.34	0.01	0.00	0.01
814	-0.61	0.92	-0.35	0.00	-0.00	0.01
815	-0.74	0.90	-0.36	0.00	-0.00	0.01
815	-0.74	0.47	-0.37	0.01	0.00	0.01
815	-0.67	0.47	-0.37	0.01	0.00	0.01
815	-0.67	0.90	-0.36	0.00	-0.00	0.01
816	-0.82	0.79	-0.34	0.00	-0.00	0.01
816	-0.82	0.49	-0.36	0.01	0.00	0.01
816	-0.75	0.49	-0.36	0.01	0.00	0.01
816	-0.75	0.79	-0.34	0.00	-0.00	0.01
817	-0.87	0.65	-0.32	0.00	-0.00	0.01
817	-0.86	0.65	-0.29	0.01	-0.00	0.01
817	-0.79	0.48	-0.29	0.01	0.00	0.01
817	-0.80	0.48	-0.32	0.01	0.00	0.01
818	-0.88	0.47	-0.21	0.00	-0.00	0.01
818	-1.01	0.48	-0.23	0.01	-0.00	0.01
818	-0.93	0.46	-0.30	0.01	-0.00	0.01
818	-0.80	0.45	-0.27	0.01	0.00	0.01
819	-0.98	0.53	-0.14	0.01	-0.00	0.01
819	-1.06	0.49	-0.00	0.01	-0.00	0.01
819	-0.97	0.37	-0.05	0.01	-0.00	0.01
819	-0.90	0.41	-0.18	0.01	0.00	0.01
820	-1.05	0.02	0.08	0.01	-0.00	0.01
820	-1.23	0.01	0.11	0.01	-0.01	0.01
820	-1.13	0.28	0.10	0.01	-0.00	0.01
820	-0.96	0.28	0.07	0.01	-0.00	0.01
821	-1.16	-0.08	0.26	0.01	-0.00	0.01
821	-1.62	-0.17	0.47	0.01	-0.01	0.01
821	-1.48	0.02	0.41	0.01	-0.00	0.00
821	-1.07	0.10	0.21	0.01	-0.00	0.01
900	-1.47	-2.28	0.00	-0.03	-0.00	0.00
900	-1.47	-1.18	0.01	-0.03	-0.01	0.00
900	-1.47	-1.18	0.00	-0.03	-0.01	0.00
900	-1.47	-2.28	0.00	-0.03	-0.00	0.00
901	-1.46	-2.23	0.01	-0.03	-0.00	0.00
901	-1.46	-1.16	0.02	-0.03	-0.01	0.00
901	-1.46	-1.16	0.01	-0.03	-0.01	0.00
901	-1.46	-2.23	0.00	-0.03	-0.00	0.00
902	-1.45	-2.14	0.02	-0.03	-0.00	0.01
902	-1.45	-1.12	0.03	-0.03	-0.01	0.01
902	-1.45	-1.12	0.03	-0.03	-0.01	0.00
902	-1.45	-2.14	0.01	-0.03	-0.00	0.01
903	-1.43	-2.00	0.03	-0.03	-0.00	0.01
903	-1.43	-1.06	0.05	-0.03	-0.01	0.01
903	-1.43	-1.06	0.05	-0.03	-0.01	0.01
903	-1.43	-2.00	0.03	-0.03	-0.00	0.01
904	-1.40	-1.82	0.05	-0.03	-0.00	0.01
904	-1.40	-0.99	0.08	-0.02	-0.01	0.01
904	-1.41	-0.99	0.07	-0.03	-0.01	0.01
904	-1.41	-1.82	0.05	-0.03	-0.00	0.01
905	-1.36	-1.60	0.08	-0.02	-0.00	0.01
905	-1.36	-0.90	0.11	-0.02	-0.00	0.01
905	-1.37	-0.90	0.11	-0.02	-0.01	0.01
905	-1.37	-1.60	0.07	-0.03	-0.00	0.01
906	-1.29	-1.35	0.11	-0.02	-0.00	0.01
906	-1.29	-0.81	0.15	-0.02	-0.00	0.01
906	-1.32	-0.81	0.14	-0.02	-0.00	0.01
906	-1.32	-1.35	0.10	-0.02	-0.00	0.01
907	-1.20	-1.08	0.14	-0.02	-0.00	0.02
907	-1.20	-0.71	0.18	-0.01	-0.00	0.01
907	-1.26	-0.71	0.17	-0.02	-0.00	0.01
907	-1.26	-1.08	0.13	-0.02	-0.00	0.02
908	-1.09	-0.80	0.15	-0.01	-0.00	0.02
908	-1.09	-0.61	0.19	-0.01	-0.00	0.01
908	-1.16	-0.61	0.19	-0.01	-0.00	0.01
908	-1.16	-0.80	0.15	-0.02	-0.00	0.02
909	-0.95	-0.52	0.14	-0.01	-0.00	0.02
909	-0.95	-0.51	0.17	-0.00	-0.00	0.01
909	-1.05	-0.51	0.18	-0.01	-0.00	0.01
909	-1.05	-0.52	0.14	-0.01	-0.00	0.02
910	-0.83	-0.26	0.09	-0.00	-0.00	0.02
910	-0.83	-0.42	0.12	0.00	0.00	0.01
910	-0.92	-0.42	0.13	-0.00	-0.00	0.01
910	-0.92	-0.26	0.10	-0.01	-0.00	0.02
911	-0.72	-0.03	0.01	0.00	-0.00	0.02
911	-0.72	-0.33	0.04	0.01	0.00	0.01
911	-0.79	-0.33	0.06	0.00	0.00	0.01
911	-0.79	-0.03	0.03	-0.00	-0.00	0.02
912	-0.67	0.16	-0.10	0.00	-0.00	0.01
912	-0.67	-0.24	-0.07	0.01	0.00	0.01
912	-0.70	-0.24	-0.05	0.01	0.00	0.01
912	-0.70	0.16	-0.07	0.00	-0.00	0.01
913	-0.66	0.30	-0.20	0.01	0.00	0.01
913	-0.66	-0.15	-0.18	0.01	0.00	0.01
913	-0.64	-0.15	-0.16	0.01	0.00	0.01
913	-0.64	0.30	-0.18	0.00	0.00	0.01
914	-0.69	0.40	-0.29	0.01	0.00	0.01
914	-0.69	-0.06	-0.28	0.02	0.00	0.01
914	-0.64	-0.06	-0.26	0.01	0.00	0.01
914	-0.64	0.40	-0.28	0.01	0.00	0.01
915	-0.73	0.46	-0.35	0.01	0.00	0.01
915	-0.73	0.02	-0.34	0.02	0.00	0.01
915	-0.67	0.02	-0.33	0.02	0.00	0.01
915	-0.67	0.46	-0.34	0.01	0.00	0.01
916	-0.75	0.48	-0.36	0.01	0.00	0.01
916	-0.75	0.08	-0.36	0.02	0.00	0.01
916	-0.72	0.08	-0.36	0.02	0.00	0.01
916	-0.72	0.48	-0.36	0.01	0.00	0.01
917	-0.73	0.13	-0.34	0.02	0.00	0.01
917	-0.76	0.47	-0.36	0.01	0.00	0.01
917	-0.79	0.47	-0.35	0.01	0.00	0.01
917	-0.75	0.13	-0.34	0.02	0.00	0.01
918	-0.75	0.15	-0.29	0.02	0.00	0.01
918	-0.79	0.45	-0.32	0.01	0.00	0.01
918	-0.78	0.45	-0.29	0.01	-0.00	0.01
918	-0.74	0.15	-0.27	0.02	0.00	0.01
919	-0.73	0.10	-0.20	0.02	0.00	0.01
919	-0.77	0.40	-0.20	0.01	0.00	0.01
919	-0.83	0.40	-0.19	0.01	-0.00	0.01
919	-0.79	0.10	-0.20	0.02	0.00	0.00
920	-0.77	0.05	-0.10	0.02	0.00	0.00
920	-0.81	0.30	-0.07	0.01	-0.00	0.01
920	-0.97	0.28	0.01	0.01	-0.00	0.01
920	-0.92	0.03	-0.02	0.02	-0.00	0.00
921	-0.89	-0.05	0.11	0.02	0.00	0.00
921	-0.93	0.10	0.14	0.01	-0.00	0.00
921	-1.21	0.08	0.20	0.01	-0.00	0.01
921	-1.15	-0.06	0.17	0.03	-0.00	0.00
1000	-1.43	-1.15	0.02	-0.03	-0.01	0.00
1000	-1.43	-0.14	0.02	-0.04	-0.01	0.00
1000	-1.43	-0.14	0.01	-0.04	-0.01	0.00
1000	-1.43	-1.15	0.01	-0.03	-0.01	0.00
1001	-1.42	-1.13	0.04	-0.03	-0.01	0.00
1001	-1.42	-0.15	0.05	-0.04	-0.01	0.00
1001	-1.43	-0.15	0.04	-0.04	-0.01	0.00
1001	-1.43	-1.13	0.04	-0.03	-0.01	0.00
1002	-1.40	-1.09	0.07	-0.03	-0.01	0.00
1002	-1.40	-0.16	0.08	-0.03	-0.01	0.00
1002	-1.42	-0.16	0.07	-0.04	-0.01	0.00
1002	-1.42	-1.09	0.07	-0.03	-0.01	0.00
1003	-1.37	-1.03	0.11	-0.03	-0.01	0.01
1003	-1.37	-0.17	0.12	-0.03	-0.01	0.01
1003	-1.40	-0.17	0.11	-0.03	-0.01	0.00
1003	-1.40	-1.03	0.10	-0.03	-0.01	0.01
1004	-1.34	-0.96	0.15	-0.02	-0.01	0.01
1004	-1.34	-0.20	0.15	-0.03	-0.01	0.01
1004	-1.37	-0.20	0.15	-0.03	-0.01	0.01
1004	-1.37	-0.96	0.14	-0.03	-0.01	0.01
1005	-1.29	-0.87	0.19	-0.02	-0.00	0.01
1005	-1.29	-0.23	0.20	-0.02	-0.01	0.01
1005	-1.33	-0.23	0.19	-0.03	-0.01	0.01
1005	-1.33	-0.87	0.18	-0.02	-0.01	0.01
1006	-1.23	-0.78	0.23	-0.02	-0.00	0.01
1006	-1.23	-0.28	0.23	-0.02	-0.01	0.01
1006	-1.28	-0.28	0.23	-0.02	-0.01	0.01
1006	-1.28	-0.78	0.22	-0.02	-0.00	0.01
1007	-1.15	-0.69	0.26	-0.01	-0.00	0.01
1007	-1.15	-0.34	0.26	-0.02	-0.00	0.01
1007	-1.22	-0.34	0.26	-0.02	-0.01	0.01
1007	-1.22	-0.69	0.25	-0.02	-0.00	0.01
1008	-1.06	-0.59	0.27	-0.01	-0.00	0.01
1008	-1.06	-0.41	0.27	-0.01	-0.00	0.01
1008	-1.15	-0.41	0.27	-0.02	-0.00	0.01
1008	-1.15	-0.59	0.27	-0.01	-0.00	0.01
1009	-0.97	-0.50	0.25	-0.00	-0.00	0.01
1009	-0.97	-0.48	0.25	-0.01	-0.00	0.01
1009	-1.06	-0.48	0.26	-0.01	-0.00	0.01
1009	-1.06	-0.50	0.25	-0.01	-0.00	0.01
1010	-0.88	-0.42	0.19	0.00	0.00	0.01
1010	-0.88	-0.55	0.20	-0.00	0.00	0.01
1010	-0.97	-0.55	0.21	-0.01	-0.00	0.01
1010	-0.97	-0.42	0.21	-0.00	-0.00	0.01
1011	-0.80	-0.34	0.11	0.01	0.00	0.01
1011	-0.80	-0.59	0.11	0.00	0.00	0.01
1011	-0.87	-0.59	0.13	-0.00	0.00	0.01
1011	-0.87	-0.34	0.13	0.00	0.00	0.01
1012	-0.76	-0.26	0.00	0.01	0.00	0.01
1012	-0.76	-0.59	0.01	0.01	0.00	0.01
1012	-0.80	-0.59	0.03	0.00	0.00	0.01
1012	-0.80	-0.26	0.02	0.01	0.00	0.01
1013	-0.74	-0.17	-0.11	0.01	0.00	0.01
1013	-0.74	-0.56	-0.10	0.01	0.00	0.01
1013	-0.75	-0.56	-0.08	0.01	0.00	0.01
1013	-0.75	-0.17	-0.09	0.01	0.00	0.01
1014	-0.74	-0.08	-0.21	0.02	0.00	0.01
1014	-0.74	-0.49	-0.19	0.02	0.00	0.01
1014	-0.72	-0.49	-0.17	0.01	0.00	0.01
1014	-0.72	-0.08	-0.19	0.01	0.00	0.01
1015	-0.74	0.01	-0.28	0.02	0.00	0.01
1015	-0.74	-0.40	-0.26	0.02	0.01	0.01
1015	-0.72	-0.40	-0.25	0.02	0.00	0.01
1015	-0.72	0.01	-0.27	0.02	0.00	0.01
1016	-0.74	0.08	-0.31	0.02	0.00	0.01
1016	-0.74	-0.28	-0.29	0.02	0.01	0.01
1016	-0.72	-0.28	-0.29	0.02	0.01	0.01
1016	-0.72	0.08	-0.31	0.02	0.00	0.01
1017	-0.70	-0.17	-0.29	0.02	0.01	0.01
1017	-0.73	0.13	-0.32	0.02	0.00	0.01
1017	-0.72	0.13	-0.31	0.02	0.00	0.01
1017	-0.69	-0.17	-0.29	0.02	0.01	0.00
1018	-0.67	-0.06	-0.27	0.02	0.01	0.00
1018	-0.71	0.15	-0.29	0.02	0.00	0.01
1018	-0.69	0.15	-0.28	0.02	0.00	0.00
1018	-0.65	-0.06	-0.27	0.02	0.00	0.00
1019	-0.64	0.04	-0.22	0.02	0.00	0.00
1019	-0.67	0.12	-0.23	0.02	0.00	0.00
1019	-0.68	0.11	-0.21	0.02	0.00	0.00
1019	-0.65	0.04	-0.20	0.03	0.00	0.00
1020	-0.62	0.11	-0.13	0.03	0.00	0.00
1020	-0.65	0.07	-0.13	0.02	0.00	0.00
1020	-0.75	0.06	-0.09	0.02	-0.00	0.00
1020	-0.71	0.10	-0.09	0.03	0.00	0.00
1021	-0.67	0.08	0.02	0.03	0.00	0.00
1021	-0.70	-0.01	0.04	0.02	0.00	0.00
1021	-1.00	-0.03	0.13	0.02	-0.00	0.00
1021	-0.96	0.05	0.11	0.03	-0.00	0.00
1100	-1.40	-0.14	0.01	-0.04	-0.01	0.00
1100	-1.40	-0.14	0.02	-0.04	-0.01	0.00
1100	-1.40	0.27	0.02	-0.03	-0.01	0.00
1100	-1.40	0.27	0.01	-0.03	-0.01	0.00
1101	-1.40	-0.14	0.04	-0.04	-0.01	0.00
1101	-1.38	-0.14	0.04	-0.04	-0.01	0.00
1101	-1.38	0.25	0.04	-0.03	-0.01	0.00
1101	-1.40	0.25	0.04	-0.03	-0.01	0.00
1102	-1.39	-0.15	0.07	-0.04	-0.01	0.00
1102	-1.36	-0.15	0.07	-0.03	-0.01	0.00
1102	-1.36	0.22	0.07	-0.03	-0.01	0.00
1102	-1.39	0.22	0.06	-0.03	-0.01	0.00
1103	-1.36	-0.17	0.10	-0.03	-0.01	0.00
1103	-1.32	-0.17	0.10	-0.03	-0.01	0.00
1103	-1.32	0.17	0.10	-0.03	-0.01	0.00
1103	-1.36	0.17	0.09	-0.03	-0.01	0.00
1104	-1.33	-0.19	0.13	-0.03	-0.01	0.00
1104	-1.28	-0.19	0.14	-0.03	-0.01	0.01
1104	-1.28	0.10	0.13	-0.02	-0.01	0.00
1104	-1.33	0.10	0.12	-0.03	-0.01	0.00
1105	-1.29	-0.23	0.16	-0.03	-0.01	0.01
1105	-1.23	-0.23	0.17	-0.02	-0.01	0.01
1105	-1.23	0.02	0.16	-0.02	-0.01	0.00
1105	-1.29	0.02	0.15	-0.02	-0.01	0.00
1106	-1.25	-0.27	0.19	-0.02	-0.01	0.01
1106	-1.18	-0.27	0.20	-0.02	-0.01	0.01
1106	-1.18	-0.09	0.18	-0.02	-0.01	0.00
1106	-1.25	-0.09	0.18	-0.02	-0.01	0.00
1107	-1.20	-0.33	0.21	-0.02	-0.01	0.01
1107	-1.12	-0.33	0.22	-0.02	-0.00	0.01
1107	-1.12	-0.20	0.20	-0.01	-0.00	0.01
1107	-1.20	-0.20	0.20	-0.02	-0.01	0.00
1108	-1.14	-0.41	0.22	-0.02	-0.00	0.01
1108	-1.05	-0.41	0.22	-0.01	-0.00	0.01
1108	-1.05	-0.32	0.20	-0.01	-0.00	0.01
1108	-1.14	-0.32	0.20	-0.01	-0.00	0.01
1109	-1.07	-0.48	0.21	-0.01	-0.00	0.01
1109	-0.99	-0.48	0.21	-0.01	-0.00	0.01
1109	-0.99	-0.44	0.19	-0.00	0.00	0.01
1109	-1.07	-0.44	0.19	-0.01	-0.00	0.01
1110	-1.01	-0.55	0.18	-0.01	-0.00	0.01
1110	-0.93	-0.55	0.17	-0.00	0.00	0.01
1110	-0.93	-0.55	0.15	0.00	0.00	0.01
1110	-1.01	-0.55	0.16	-0.00	0.00	0.01
1111	-0.94	-0.59	0.12	-0.00	0.00	0.01
1111	-0.88	-0.59	0.10	0.00	0.00	0.01
1111	-0.88	-0.62	0.10	0.01	0.00	0.00
1111	-0.94	-0.62	0.11	0.00	0.00	0.01
1112	-0.88	-0.60	0.04	0.00	0.00	0.01
1112	-0.84	-0.60	0.03	0.01	0.00	0.01
1112	-0.84	-0.66	0.03	0.01	0.00	0.00
1112	-0.88	-0.66	0.04	0.01	0.00	0.00
1113	-0.83	-0.57	-0.04	0.01	0.00	0.01
1113	-0.81	-0.57	-0.05	0.01	0.00	0.01
1113	-0.81	-0.65	-0.04	0.02	0.01	0.00
1113	-0.83	-0.65	-0.03	0.01	0.00	0.00
1114	-0.80	-0.50	-0.11	0.01	0.00	0.01
1114	-0.79	-0.50	-0.12	0.02	0.00	0.01
1114	-0.79	-0.61	-0.11	0.02	0.01	0.00
1114	-0.80	-0.61	-0.09	0.02	0.01	0.00
1115	-0.77	-0.40	-0.16	0.02	0.00	0.00
1115	-0.76	-0.40	-0.17	0.02	0.00	0.00
1115	-0.76	-0.52	-0.15	0.02	0.01	0.00
1115	-0.77	-0.52	-0.14	0.02	0.01	0.00
1116	-0.74	-0.28	-0.20	0.02	0.01	0.00
1116	-0.72	-0.28	-0.20	0.02	0.01	0.00
1116	-0.72	-0.41	-0.18	0.03	0.01	0.00
1116	-0.74	-0.41	-0.18	0.02	0.01	0.00
1117	-0.69	-0.30	-0.18	0.03	0.01	0.00
1117	-0.70	-0.16	-0.21	0.02	0.01	0.00
1117	-0.67	-0.16	-0.21	0.02	0.00	0.00
1117	-0.66	-0.30	-0.19	0.03	0.01	0.00
1118	-0.64	-0.19	-0.18	0.03	0.01	0.00
1118	-0.65	-0.05	-0.20	0.02	0.01	0.00
1118	-0.61	-0.05	-0.19	0.02	0.00	0.00
1118	-0.60	-0.19	-0.17	0.03	0.01	0.00
1119	-0.58	-0.11	-0.14	0.03	0.01	0.00
1119	-0.59	0.05	-0.16	0.02	0.00	0.00
1119	-0.56	0.05	-0.15	0.03	0.00	0.00
1119	-0.55	-0.11	-0.14	0.03	0.01	0.00
1120	-0.53	-0.07	-0.09	0.03	0.01	0.00
1120	-0.54	0.12	-0.09	0.03	0.00	0.00
1120	-0.58	0.12	-0.07	0.03	0.00	0.00
1120	-0.57	-0.08	-0.07	0.03	0.00	0.00
1121	-0.56	-0.06	-0.00	0.03	0.00	0.00
1121	-0.57	0.09	0.01	0.03	0.00	0.00
1121	-0.77	0.09	0.02	0.03	-0.00	0.00
1121	-0.75	-0.06	0.01	0.03	-0.00	0.00
1200	-1.38	0.26	0.01	-0.03	-0.01	0.00
1200	-1.37	0.26	0.01	-0.03	-0.01	0.00
1200	-1.37	0.68	0.01	-0.04	-0.01	0.00
1200	-1.38	0.68	0.00	-0.04	-0.01	-0.00
1201	-1.38	0.24	0.02	-0.03	-0.01	0.00
1201	-1.35	0.24	0.02	-0.03	-0.01	0.00
1201	-1.35	0.65	0.01	-0.04	-0.01	0.00
1201	-1.38	0.65	0.01	-0.04	-0.01	0.00
1202	-1.36	0.21	0.03	-0.03	-0.01	0.00
1202	-1.33	0.21	0.03	-0.03	-0.01	0.00
1202	-1.33	0.60	0.02	-0.04	-0.01	0.00
1202	-1.36	0.60	0.02	-0.04	-0.01	0.00
1203	-1.34	0.16	0.05	-0.03	-0.01	0.00
1203	-1.29	0.16	0.05	-0.03	-0.01	0.00
1203	-1.29	0.52	0.03	-0.03	-0.01	0.00
1203	-1.34	0.52	0.03	-0.04	-0.01	0.00
1204	-1.31	0.10	0.06	-0.03	-0.01	0.00
1204	-1.25	0.10	0.06	-0.02	-0.01	0.00
1204	-1.25	0.42	0.04	-0.03	-0.01	0.00
1204	-1.31	0.42	0.04	-0.03	-0.01	0.00
1205	-1.27	0.01	0.08	-0.02	-0.01	0.00
1205	-1.20	0.01	0.08	-0.02	-0.01	0.00
1205	-1.20	0.28	0.05	-0.02	-0.01	0.00
1205	-1.27	0.28	0.05	-0.03	-0.01	0.00
1206	-1.23	-0.09	0.09	-0.02	-0.01	0.00
1206	-1.15	-0.09	0.09	-0.02	-0.01	0.00
1206	-1.15	0.12	0.06	-0.02	-0.01	0.00
1206	-1.23	0.12	0.06	-0.02	-0.01	0.00
1207	-1.18	-0.20	0.10	-0.02	-0.00	0.00
1207	-1.10	-0.20	0.10	-0.01	-0.00	0.00
1207	-1.10	-0.06	0.07	-0.02	-0.00	0.00
1207	-1.18	-0.06	0.07	-0.02	-0.01	0.00
1208	-1.13	-0.32	0.10	-0.01	-0.00	0.00
1208	-1.05	-0.32	0.10	-0.01	-0.00	0.00
1208	-1.05	-0.25	0.07	-0.01	-0.00	0.00
1208	-1.13	-0.25	0.07	-0.02	-0.00	0.00
1209	-1.08	-0.44	0.10	-0.01	-0.00	0.00
1209	-1.00	-0.44	0.09	-0.00	0.00	0.00
1209	-1.00	-0.44	0.06	-0.01	-0.00	0.00
1209	-1.08	-0.44	0.07	-0.01	-0.00	0.00
1210	-1.03	-0.54	0.08	-0.00	0.00	0.00
1210	-0.96	-0.54	0.08	0.00	0.00	0.00
1210	-0.96	-0.60	0.05	-0.00	0.00	0.00
1210	-1.03	-0.60	0.06	-0.01	-0.00	0.00
1211	-0.98	-0.62	0.06	0.00	0.00	0.00
1211	-0.92	-0.62	0.05	0.01	0.00	0.00
1211	-0.92	-0.73	0.04	0.00	0.00	0.00
1211	-0.98	-0.73	0.04	-0.00	0.00	0.00
1212	-0.93	-0.65	0.02	0.01	0.00	0.00
1212	-0.88	-0.65	0.02	0.01	0.00	0.00
1212	-0.88	-0.81	0.01	0.01	0.00	0.00
1212	-0.93	-0.81	0.02	0.00	0.00	0.00
1213	-0.88	-0.65	-0.01	0.01	0.00	0.00
1213	-0.85	-0.65	-0.01	0.02	0.01	0.00
1213	-0.85	-0.83	-0.01	0.01	0.01	0.00
1213	-0.88	-0.83	-0.00	0.01	0.00	0.00
1214	-0.84	-0.60	-0.04	0.02	0.01	0.00
1214	-0.82	-0.60	-0.04	0.02	0.01	0.00
1214	-0.82	-0.79	-0.03	0.02	0.01	0.00
1214	-0.84	-0.79	-0.02	0.01	0.01	0.00
1215	-0.80	-0.52	-0.06	0.02	0.01	0.00
1215	-0.78	-0.52	-0.07	0.02	0.01	0.00
1215	-0.78	-0.70	-0.04	0.02	0.01	0.00
1215	-0.80	-0.70	-0.04	0.02	0.01	0.00
1216	-0.75	-0.41	-0.08	0.02	0.01	0.00
1216	-0.73	-0.41	-0.08	0.03	0.01	0.00
1216	-0.73	-0.58	-0.05	0.02	0.01	0.00
1216	-0.75	-0.58	-0.05	0.02	0.01	0.00
1217	-0.69	-0.43	-0.06	0.02	0.01	0.00
1217	-0.70	-0.29	-0.08	0.03	0.01	0.00
1217	-0.66	-0.29	-0.09	0.03	0.01	0.00
1217	-0.65	-0.43	-0.06	0.03	0.01	0.00
1218	-0.63	-0.28	-0.06	0.03	0.01	0.00
1218	-0.64	-0.18	-0.08	0.03	0.01	0.00
1218	-0.58	-0.18	-0.08	0.03	0.01	0.00
1218	-0.57	-0.28	-0.06	0.03	0.01	0.00
1219	-0.55	-0.13	-0.05	0.03	0.01	0.00
1219	-0.56	-0.10	-0.07	0.03	0.01	0.00
1219	-0.51	-0.10	-0.07	0.03	0.01	0.00
1219	-0.50	-0.13	-0.05	0.03	0.01	0.00
1220	-0.48	0.01	-0.04	0.03	0.01	0.00
1220	-0.49	-0.06	-0.05	0.03	0.01	0.00
1220	-0.50	-0.06	-0.05	0.03	0.00	0.00
1220	-0.49	0.01	-0.04	0.03	0.00	0.00
1221	-0.48	0.06	-0.01	0.03	0.00	0.00
1221	-0.49	-0.05	-0.00	0.03	0.00	0.00
1221	-0.68	-0.05	0.03	0.03	0.00	0.00
1221	-0.67	0.05	0.02	0.03	-0.00	0.00