0
0
0
0
0
0
0
0
0.003333333
0.003333333
0.006666667
0.013333333
0.016666667
0.02
0.023333333
0.026666667
0.03
0.033333333
0.036666667
0.04
0.043333333
0.046666667
0.05
0.053333333
0.056666667
0.06
0.063333333
0.066666667
0.066666667
0.07
0.07
0.07
0.07
0.073333333
0.073333333
0.076666667
0.076666667
0.076666667
0.076666667
0.076666667
0.076666667
0.076666667
0.076666667
0.076666667
0.076666667
0.076666667
0.076666667
0.076666667
0.076666667
0.076666667
0.08
0.08
0.08
0.08
0.08
0.083333333
0.083333333
0.086666667
0.086666667
0.09
0.093333333
0.096666667
0.1
0.106666667
0.11
0.113333333
0.116666667
0.123333333
0.126666667
0.13
0.136666667
0.14
0.143333333
0.15
0.153333333
0.16
0.163333333
0.17
0.176666667
0.18
0.186666667
0.193333333
0.2
0.203333333
0.21
0.216666667
0.223333333
0.23
0.236666667
0.243333333
0.253333333
0.26
0.266666667
0.273333333
0.283333333
0.29
0.3
0.306666667
0.316666667
0.326666667
0.336666667
0.343333333
0.353333333
0.363333333
0.373333333
0.383333333
0.393333333
0.403333333
0.416666667
0.426666667
0.436666667
0.45
0.46
0.473333333
0.483333333
0.496666667
0.51
0.523333333
0.533333333
0.546666667
0.56
0.573333333
0.586666667
0.603333333
0.616666667
0.63
0.646666667
0.66
0.673333333
0.69
0.706666667
0.72
0.736666667
0.753333333
0.77
0.786666667
0.806666667
0.823333333
0.84
0.856666667
0.873333333
0.893333333
0.913333333
0.93
0.95
0.97
0.99
1.01
1.03
1.05
1.07
1.093333333
1.113333333
1.133333333
1.156666667
1.18
1.2
1.223333333
1.246666667
1.27
1.296666667
1.32
1.343333333
1.37
1.393333333
1.42
1.446666667
1.47
1.496666667
1.523333333
1.55
1.58
1.606666667
1.633333333
1.663333333
1.69
1.716666667
1.743333333
1.766666667
1.786666667
1.803333333
1.82
1.836666667
1.856666667
1.873333333
1.893333333
1.91
1.926666667
1.936666667
1.946666667
1.953333333
1.963333333
1.973333333
1.983333333
1.993333333
2.003333333
2.013333333
2.026666667
2.046666667
2.07
2.1
2.13
2.163333333
2.193333333
2.223333333
2.253333333
2.283333333
2.313333333
2.346666667
2.383333333
2.42
2.46
2.503333333
2.546666667
2.59
2.633333333
2.676666667
2.72
2.763333333
2.81
2.853333333
2.9
2.946666667
2.993333333
3.04
3.086666667
3.133333333
3.18
3.23
3.276666667
3.326666667
3.376666667
3.426666667
3.476666667
3.526666667
3.576666667
3.63
3.68
3.733333333
3.783333333
3.836666667
3.89
3.943333333
3.996666667
4.053333333
4.106666667
4.163333333
4.216666667
4.273333333
4.3
4.183333333
4.053333333
4.01
4.026666667
4.06
4.053333333
4.003333333
3.986666667
4.006666667
4.043333333
4.08
4.12
4.153333333
4.123333333
4.07
4.053333333
3.973333333
3.826666667
3.75
3.743333333
3.773333333
3.8
3.81
3.823333333
3.853333333
3.883333333
3.906666667
3.916666667
3.926666667
3.946666667
3.946666667
3.936666667
3.943333333
3.97
3.99
3.966666667
3.933333333
3.886666667
3.863333333
3.876666667
3.91
3.946666667
3.97
3.983333333
3.973333333
3.976666667
3.993333333
4.013333333
4.043333333
4.076666667
4.11
4.09
3.996666667
3.923333333
3.866666667
3.843333333
3.856666667
3.89
3.93
3.973333333
4.013333333
4.05
4.083333333
4.09
4.013333333
3.923333333
3.876666667
3.866666667
3.88
3.906666667
3.936666667
3.953333333
3.97
3.99
4.003333333
4.006666667
4.016666667
4.033333333
4.053333333
4.076666667
4.086666667
4.096666667
4.116666667
4.136666667
4.14
4.076666667
4.026666667
4.013333333
4.026666667
4.043333333
4.06
4.076666667
4.096666667
4.116666667
4.113333333
4.1
4.093333333
4.106666667
4.13
4.156666667
4.176666667
4.19
4.176666667
4.16
4.14
4.133333333
4.146666667
4.166666667
4.19
4.206666667
4.206666667
4.196666667
4.2
4.216666667
4.236666667
4.253333333
4.27
4.286666667
4.306666667
4.326666667
4.343333333
4.363333333
4.376666667
4.376666667
4.363333333
4.363333333
4.38
4.4
4.42
4.44
4.456666667
4.473333333
4.49
4.503333333
4.52
4.516666667
4.486666667
4.45
4.423333333
4.423333333
4.44
4.466666667
4.49
4.513333333
4.533333333
4.553333333
4.573333333
4.593333333
4.61
4.626666667
4.643333333
4.66
4.676666667
4.693333333
4.706666667
4.723333333
4.736666667
4.753333333
4.766666667
4.78
4.793333333
4.81
4.823333333
4.836666667
4.85
4.863333333
4.876666667
4.89
4.903333333
4.916666667
4.93
4.943333333
4.956666667
4.97
4.983333333
4.993333333
5.003333333
5.013333333
5.023333333
5.036666667
5.05
5.06
5.066666667
5.07
5.076666667
5.086666667
5.096666667
5.11
5.123333333
5.136666667
5.15
5.163333333
5.176666667
5.19
5.2
5.206666667
5.216666667
5.226666667
5.24
5.25
5.263333333
5.276666667
5.266666667
5.22
5.186666667
5.19
5.21
5.236666667
5.26
5.283333333
5.303333333
5.32
5.333333333
5.35
5.363333333
5.376666667
5.39
5.403333333
5.416666667
5.423333333
5.433333333
5.443333333
5.453333333
5.466666667
5.476666667
5.49
5.5
5.513333333
5.523333333
5.533333333
5.5
5.423333333
5.38
5.38
5.4
5.426666667
5.453333333
5.476666667
5.5
5.52
5.536666667
5.55
5.566666667
5.58
5.593333333
5.6
5.6
5.6
5.61
5.623333333
5.636666667
5.65
5.66
5.67
5.68
5.693333333
5.703333333
5.716666667
5.726666667
5.74
5.753333333
5.763333333
5.776666667
5.786666667
5.8
5.81
5.823333333
5.833333333
5.846666667
5.856666667
5.866666667
5.88
5.89
5.9
5.91
5.92
5.933333333
5.943333333
5.953333333
5.963333333
5.973333333
5.983333333
5.99
6
6.01
6.02
6.03
6.04
6.05
6.06
6.07
6.076666667
6.086666667
6.093333333
6.1
6.11
6.12
6.126666667
6.133333333
6.14
6.146666667
6.126666667
6.076666667
6.05
6.05
6.063333333
6.076666667
6.083333333
6.096666667
6.11
6.123333333
6.133333333
6.143333333
6.153333333
6.163333333
6.17
6.176666667
6.183333333
6.186666667
6.193333333
6.196666667
6.2
6.203333333
6.206666667
6.206666667
6.206666667
6.203333333
6.196666667
6.183333333
6.16
5.76
3.926666667
2.036666667
1.033333333
0.613333333
0.443333333
0.366666667
0.333333333
0.32
