0.00024
0.00024
0.00024
0.00048
0.00048
0.00072
0.00072
0.00072
0.00096
0.00096
0.0012
0.00096
0.0012
0.00144
0.00168
0.00168
0.00192
0.00216
0.00216
0.0024
0.0024
0.00288
0.00288
0.00312
0.00336
0.0036
0.0036
0.00384
0.00384
0.00408
0.00432
0.00456
0.00456
0.00456
0.00504
0.00504
0.00504
0.00504
0.00552
0.00552
0.00552
0.00552
0.006
0.006
0.006
0.006
0.00624
0.00648
0.00648
0.00648
0.00648
0.00672
0.00696
0.00696
0.00696
0.0072
0.0072
0.00768
0.00768
0.00792
0.00792
0.00816
0.0084
0.0084
0.00888
0.00912
0.00912
0.00936
0.0096
0.00984
0.01008
0.01032
0.01032
0.0108
0.0108
0.01104
0.01152
0.01152
0.01176
0.012
0.01224
0.01248
0.01272
0.01296
0.0132
0.01344
0.01368
0.01416
0.01416
0.01464
0.01488
0.01512
0.01536
0.0156
0.01584
0.01632
0.01632
0.0168
0.01728
0.01728
0.01776
0.01824
0.01848
0.01872
0.0192
0.01944
0.01992
0.02016
0.0204
0.02088
0.02136
0.0216
0.02208
0.02232
0.0228
0.02304
0.02352
0.024
0.02448
0.02496
0.0252
0.02568
0.02616
0.02664
0.02712
0.02736
0.02784
0.02832
0.0288
0.02952
0.02976
0.03024
0.03072
0.03144
0.03192
0.0324
0.03288
0.03336
0.03384
0.03456
0.03504
0.03552
0.03624
0.03672
0.0372
0.03792
0.0384
0.03912
0.0396
0.04032
0.0408
0.04128
0.04224
0.04272
0.04344
0.04392
0.04488
0.04536
0.04608
0.0468
0.04752
0.04824
0.04896
0.04968
0.0504
0.05112
0.05184
0.05256
0.05328
0.05424
0.05472
0.05568
0.05664
0.05712
0.05808
0.05904
0.05952
0.06048
0.0612
0.06168
0.06216
0.06264
0.06336
0.06384
0.06432
0.06504
0.06552
0.066
0.06624
0.06672
0.06672
0.0672
0.06768
0.06768
0.06816
0.06864
0.06888
0.06936
0.06984
0.0708
0.07128
0.07224
0.0732
0.07416
0.07488
0.07584
0.0768
0.07776
0.07848
0.07944
0.08064
0.0816
0.0828
0.08424
0.0852
0.0864
0.0876
0.0888
0.09
0.09144
0.0924
0.09384
0.09504
0.09648
0.09768
0.09888
0.10032
0.10152
0.10296
0.1044
0.1056
0.10704
0.10848
0.10992
0.11112
0.1128
0.11424
0.11568
0.11712
0.1188
0.12024
0.12192
0.12336
0.12504
0.12672
0.1284
0.13008
0.13176
0.13344
0.14544
0.19368
0.24552
0.27888
0.2988
0.31368
0.32568
0.33432
0.34104
0.34728
0.35352
0.35928
0.3648
0.37368
0.39984
0.43272
0.46032
0.5088
0.57312
0.62016
0.6492
0.6696
0.69144
0.71664
0.7404
0.76056
0.77976
0.80112
0.82392
0.846
0.86472
0.8772
0.88488
0.8916
0.90024
0.91608
0.94392
0.97704
1.0164
1.04904
1.07256
1.09152
1.10928
1.1292
1.15272
1.18128
1.20816
1.2324
1.25352
1.272
1.2888
1.3056
1.33752
1.38816
1.434
1.47648
1.51104
1.53648
1.55664
1.5744
1.59144
1.60824
1.62528
1.64304
1.66944
1.7184
1.76904
1.80888
1.84008
1.86528
1.88688
1.90824
1.93272
1.95672
1.97928
2.00424
2.0304
2.05536
2.07888
2.10048
2.12208
2.14584
2.1696
2.19072
2.21088
2.23728
2.27952
2.31936
2.3496
2.3748
2.39928
2.42328
2.44632
2.4684
2.49
2.51736
2.54736
2.5752
2.59896
2.62008
2.63952
2.658
2.67384
2.68464
2.69424
2.70024
2.70552
2.71368
2.72448
2.7372
2.7504
2.76912
2.79168
2.81352
2.83368
2.85192
2.87088
2.89032
2.90928
2.92752
2.94528
2.9628
2.98008
2.99832
3.0216
3.04896
3.07296
3.09408
3.11304
3.13128
3.14928
3.16704
3.1848
3.20256
3.22056
3.23928
3.26352
3.29592
3.33024
3.36336
3.38976
3.41136
3.43056
3.44952
3.46848
3.48744
3.50616
3.52488
3.54312
3.56112
3.5796
3.59784
3.61608
3.63432
3.65304
3.67128
3.68976
3.70824
3.72672
3.7452
3.76368
3.78216
3.80088
3.81936
3.83832
3.85704
3.876
3.89472
3.91344
3.9324
3.95136
3.97032
3.98952
4.00872
4.02792
4.04688
4.06632
4.08672
4.10712
4.12728
4.14672
4.16616
4.18536
4.206
4.22808
4.24992
4.27056
4.29072
4.3104
4.32984
4.34928
4.36848
4.38768
4.40688
4.4256
4.44336
4.4604
4.47816
4.49664
4.5156
4.5348
4.55376
4.57344
4.59984
4.63704
4.67064
4.69632
4.71792
4.73736
4.75632
4.77528
4.79472
4.81392
4.8336
4.8528
4.87248
4.89168
4.91112
4.93032
4.94904
4.96488
4.97976
4.99536
5.0124
5.0304
5.04864
5.06736
5.08608
5.10504
5.124
5.14152
5.13576
5.10984
5.09544
5.09544
5.10288
5.11368
5.12688
5.14152
5.15736
5.17464
5.19288
5.21208
5.23152
5.25144
5.27208
5.29464
5.32056
5.346
5.36976
5.39208
5.41368
5.43552
5.45784
5.48016
5.50272
5.52504
5.54688
5.56896
5.59056
5.61216
5.63376
5.65536
5.67648
5.69808
5.71968
5.74152
5.76312
5.78496
5.80656
5.8284
5.85
5.87208
5.8944
5.91624
5.93856
5.96088
5.98272
6.0048
6.02712
6.04896
6.07128
6.09312
6.11424
6.13512
6.15672
6.17856
6.20064
6.22248
6.24456
6.26688
6.2892
6.31128
6.3324
6.35352
6.37512
6.39744
6.42024
6.44304
6.46656
6.49056
6.51288
6.5256
6.53472
6.54888
6.56616
6.58536
6.60624
6.63024
6.65424
6.67752
6.70032
6.7236
6.74736
6.77184
6.79656
6.82152
6.8472
6.8736
6.90024
6.92712
6.95448
6.98184
7.00968
7.03824
7.06728
7.09728
7.12872
7.16208
7.19736
7.23888
7.59984
8.86032
10.03392
10.61448
10.76328
10.7676
10.76784
10.77552
10.78608
