1	2	-3	4	5	6	7	8
0,18	-0,62	0,60	0,00	0,00	0,00	7,99	0,34
-0,00	-1,35	0,14	0,00	0,00	0,00	17,82	-0,00
-0,00	-0,14	0,02	0,00	0,00	0,00	1,91	-0,00
-0,18	-0,83	-0,45	0,00	0,00	0,00	11,06	-0,34
0,18	-0,67	0,60	0,00	0,00	0,00	8,66	0,34
-0,00	-0,14	0,02	0,00	0,00	0,00	1,91	-0,00
-0,00	-0,14	0,02	0,00	0,00	0,00	1,91	-0,00
-0,00	-0,14	0,02	0,00	0,00	0,00	1,91	-0,00
-0,00	-0,14	0,02	0,00	0,00	0,00	1,91	-0,00
-0,00	-0,14	0,02	0,00	0,00	0,00	1,91	-0,00
-0,00	-0,14	0,02	0,00	0,00	0,00	1,91	-0,00
-0,00	-0,14	0,02	0,00	0,00	0,00	1,91	-0,00
-0,00	-1,35	0,14	0,00	0,00	0,00	17,82	-0,00
-0,18	-0,88	-0,44	0,00	0,00	0,00	11,73	-0,34
0,18	-0,62	0,60	0,00	0,00	0,00	7,99	0,34
									
										
										
